trade_counter=922
has_position=1
direction=0
ticket=1844
position_id=1844
entry_time=1772754301
entry_bar_time=1772754300
entry_price=25000.20000000
sl_price=24843.92000000
tp_price=25312.76000000
initial_sl_price=0.00000000
initial_tp_price=0.00000000
lot=0.03000000
bars_held=2
hold_bars_soft=72
k_sl_req=6.00000000
k_tp_req=12.00000000
k_sl_eff=6.00000000
k_tp_eff=12.00000000
regime_id_at_entry=3
spread_atr_at_entry=0.02303579
flip_used_at_entry=0
pack_ver_at_entry=0.1.0
clf_ver_at_entry=0.1.0
prm_ver_at_entry=0.1.0
cost_ver_at_entry=0.1
last_exit_reason=
trade_seq=922
trade_id=TS_00922
pending_exit_reason=
pending_exit_deal=0
pending_exit_price_hint=0.00000000
pending_modify_reason=
pending_modify_sl_hint=0.00000000
pending_modify_tp_hint=0.00000000
be_applied=0
