trade_counter=1179
has_position=1
direction=0
ticket=2358
position_id=2358
entry_time=1772738701
entry_bar_time=1772738700
entry_price=24965.20000000
sl_price=24640.88000000
tp_price=25613.84000000
initial_sl_price=0.00000000
initial_tp_price=0.00000000
lot=0.01000000
bars_held=54
hold_bars_soft=72
k_sl_req=6.00000000
k_tp_req=12.00000000
k_sl_eff=6.00000000
k_tp_eff=12.00000000
regime_id_at_entry=3
spread_atr_at_entry=0.01110010
flip_used_at_entry=1
pack_ver_at_entry=0.1.0
clf_ver_at_entry=0.1.0
prm_ver_at_entry=0.1.0
cost_ver_at_entry=0.1
last_exit_reason=
trade_seq=1179
trade_id=TS_01179
pending_exit_reason=
pending_exit_deal=0
pending_exit_price_hint=0.00000000
pending_modify_reason=
pending_modify_sl_hint=0.00000000
pending_modify_tp_hint=0.00000000
be_applied=0
