time,symbol,timeframe,price_basis,open,high,low,close,spread_points,atr14,adx14,atr_pct,regime_id,cand_long,cand_short,entry_allowed,feature_0,feature_1,feature_2,feature_3,feature_4,feature_5,feature_6,feature_7,feature_8,feature_9,feature_10,feature_11,feature_12,feature_13,feature_14,feature_15,feature_16,feature_17,feature_18,feature_19,feature_20,feature_21,onnx_p_long,onnx_p_short,onnx_p_pass,stage1_argmax,prm_raw_0,prm_raw_1,prm_raw_2,prm_raw_3,prm_raw_4,prm_raw_5,final_dir,flip_used,k_sl_req,k_tp_req,k_sl_eff,k_tp_eff,hold_bars,gate_pass,gate_reject_reason,dyn_spread_atr_max,dyn_dev_points,risk_pct,dist_atr,dist_atr_max_t,dist_atr_max_mode,has_position,bars_held,ea_version,schema_version,candidate_policy_version,regime_policy_version,model_pack_version,clf_version,prm_version,cost_model_version
2025.07.22 01:00,US100,PERIOD_M5,Bid,23202.45000000,23212.33000000,23202.45000000,23210.70000000,140.00,6.11642857,32.358593,0.00026352,-1,0,0,0,0.00000000,0.00000000,0.00000000,0.00000000,0.00000000,0.00000000,0.00000000,0.00000000,0.00000000,0.00000000,0.00000000,0.00000000,0.00000000,0.00000000,0.00000000,0.00000000,0.00000000,0.00000000,0.00000000,0.00000000,0.00000000,0.00000000,0.000000,0.000000,1.000000,PASS,1.500000,2.000000,24.000000,1.500000,2.000000,24.000000,PASS,0,6.000000,12.000000,6.000000,12.000000,24,0,,0.000000,0,0.000000,18.87941350,0.00000000,adaptive_quantile,1,2,0.1.4,1.0,0.1.2,0.1.0q,0.1.0,0.1.0,0.1.0,0.1
2025.07.22 01:05,US100,PERIOD_M5,Bid,23210.70000000,23210.83000000,23202.95000000,23205.20000000,140.00,6.58071429,33.962613,0.00028359,-1,0,0,0,0.00000000,0.00000000,0.00000000,0.00000000,0.00000000,0.00000000,0.00000000,0.00000000,0.00000000,0.00000000,0.00000000,0.00000000,0.00000000,0.00000000,0.00000000,0.00000000,0.00000000,0.00000000,0.00000000,0.00000000,0.00000000,0.00000000,0.000000,0.000000,1.000000,PASS,1.500000,2.000000,24.000000,1.500000,2.000000,24.000000,PASS,0,6.000000,12.000000,6.000000,12.000000,24,0,,0.000000,0,0.000000,1.03341137,0.00000000,adaptive_quantile,1,3,0.1.4,1.0,0.1.2,0.1.0q,0.1.0,0.1.0,0.1.0,0.1
2025.07.22 01:10,US100,PERIOD_M5,Bid,23205.20000000,23208.45000000,23201.58000000,23202.20000000,140.00,6.14285714,30.245873,0.00026475,-1,0,0,0,0.00000000,0.00000000,0.00000000,0.00000000,0.00000000,0.00000000,0.00000000,0.00000000,0.00000000,0.00000000,0.00000000,0.00000000,0.00000000,0.00000000,0.00000000,0.00000000,0.00000000,0.00000000,0.00000000,0.00000000,0.00000000,0.00000000,0.000000,0.000000,1.000000,PASS,1.500000,2.000000,24.000000,1.500000,2.000000,24.000000,PASS,0,6.000000,12.000000,6.000000,12.000000,24,0,,0.000000,0,0.000000,1.44349701,0.00000000,adaptive_quantile,1,4,0.1.4,1.0,0.1.2,0.1.0q,0.1.0,0.1.0,0.1.0,0.1
2025.07.22 01:15,US100,PERIOD_M5,Bid,23202.33000000,23203.70000000,23198.83000000,23202.58000000,140.00,5.86571429,29.050103,0.00025280,-1,0,0,0,0.00000000,0.00000000,0.00000000,0.00000000,0.00000000,0.00000000,0.00000000,0.00000000,0.00000000,0.00000000,0.00000000,0.00000000,0.00000000,0.00000000,0.00000000,0.00000000,0.00000000,0.00000000,0.00000000,0.00000000,0.00000000,0.00000000,0.000000,0.000000,1.000000,PASS,1.500000,2.000000,24.000000,1.500000,2.000000,24.000000,PASS,0,6.000000,12.000000,6.000000,12.000000,24,0,,0.000000,0,0.000000,1.30911449,0.00000000,adaptive_quantile,1,5,0.1.4,1.0,0.1.2,0.1.0q,0.1.0,0.1.0,0.1.0,0.1
2025.07.22 01:20,US100,PERIOD_M5,Bid,23202.58000000,23208.83000000,23201.83000000,23208.45000000,140.00,5.79428571,26.845446,0.00024966,-1,0,0,0,0.00000000,0.00000000,0.00000000,0.00000000,0.00000000,0.00000000,0.00000000,0.00000000,0.00000000,0.00000000,0.00000000,0.00000000,0.00000000,0.00000000,0.00000000,0.00000000,0.00000000,0.00000000,0.00000000,0.00000000,0.00000000,0.00000000,0.000000,0.000000,1.000000,PASS,1.500000,2.000000,24.000000,1.500000,2.000000,24.000000,PASS,0,6.000000,12.000000,6.000000,12.000000,24,0,,0.000000,0,0.000000,0.28245348,0.00000000,adaptive_quantile,1,6,0.1.4,1.0,0.1.2,0.1.0q,0.1.0,0.1.0,0.1.0,0.1
2025.07.22 01:25,US100,PERIOD_M5,Bid,23208.45000000,23210.20000000,23206.95000000,23209.95000000,140.00,5.59785714,26.755230,0.00024118,-1,0,0,0,0.00000000,0.00000000,0.00000000,0.00000000,0.00000000,0.00000000,0.00000000,0.00000000,0.00000000,0.00000000,0.00000000,0.00000000,0.00000000,0.00000000,0.00000000,0.00000000,0.00000000,0.00000000,0.00000000,0.00000000,0.00000000,0.00000000,0.000000,0.000000,1.000000,PASS,1.500000,2.000000,24.000000,1.500000,2.000000,24.000000,PASS,0,6.000000,12.000000,6.000000,12.000000,24,0,,0.000000,0,0.000000,0.02208079,0.00000000,adaptive_quantile,1,7,0.1.4,1.0,0.1.2,0.1.0q,0.1.0,0.1.0,0.1.0,0.1
2025.07.22 01:30,US100,PERIOD_M5,Bid,23209.95000000,23210.45000000,23207.08000000,23208.08000000,140.00,5.49928571,26.979431,0.00023696,-1,0,0,0,0.00000000,0.00000000,0.00000000,0.00000000,0.00000000,0.00000000,0.00000000,0.00000000,0.00000000,0.00000000,0.00000000,0.00000000,0.00000000,0.00000000,0.00000000,0.00000000,0.00000000,0.00000000,0.00000000,0.00000000,0.00000000,0.00000000,0.000000,0.000000,1.000000,PASS,1.500000,2.000000,24.000000,1.500000,2.000000,24.000000,PASS,0,6.000000,12.000000,6.000000,12.000000,24,0,,0.000000,0,0.000000,0.32799495,0.00000000,adaptive_quantile,1,8,0.1.4,1.0,0.1.2,0.1.0q,0.1.0,0.1.0,0.1.0,0.1
2025.07.22 01:35,US100,PERIOD_M5,Bid,23208.08000000,23208.83000000,23203.95000000,23207.08000000,140.00,5.13357143,23.607472,0.00022121,-1,0,0,0,0.00000000,0.00000000,0.00000000,0.00000000,0.00000000,0.00000000,0.00000000,0.00000000,0.00000000,0.00000000,0.00000000,0.00000000,0.00000000,0.00000000,0.00000000,0.00000000,0.00000000,0.00000000,0.00000000,0.00000000,0.00000000,0.00000000,0.000000,0.000000,1.000000,PASS,1.500000,2.000000,24.000000,1.500000,2.000000,24.000000,PASS,0,6.000000,12.000000,6.000000,12.000000,24,0,,0.000000,0,0.000000,0.49414240,0.00000000,adaptive_quantile,1,9,0.1.4,1.0,0.1.2,0.1.0q,0.1.0,0.1.0,0.1.0,0.1
2025.07.22 01:40,US100,PERIOD_M5,Bid,23207.33000000,23209.08000000,23203.08000000,23205.33000000,140.00,5.03500000,21.440890,0.00021698,-1,0,0,0,0.00000000,0.00000000,0.00000000,0.00000000,0.00000000,0.00000000,0.00000000,0.00000000,0.00000000,0.00000000,0.00000000,0.00000000,0.00000000,0.00000000,0.00000000,0.00000000,0.00000000,0.00000000,0.00000000,0.00000000,0.00000000,0.00000000,0.000000,0.000000,1.000000,PASS,1.500000,2.000000,24.000000,1.500000,2.000000,24.000000,PASS,0,6.000000,12.000000,6.000000,12.000000,24,0,,0.000000,0,0.000000,0.77029925,0.00000000,adaptive_quantile,1,10,0.1.4,1.0,0.1.2,0.1.0q,0.1.0,0.1.0,0.1.0,0.1
2025.07.22 01:45,US100,PERIOD_M5,Bid,23205.33000000,23208.08000000,23203.95000000,23207.70000000,140.00,5.10714286,19.563185,0.00022006,-1,0,0,0,0.00000000,0.00000000,0.00000000,0.00000000,0.00000000,0.00000000,0.00000000,0.00000000,0.00000000,0.00000000,0.00000000,0.00000000,0.00000000,0.00000000,0.00000000,0.00000000,0.00000000,0.00000000,0.00000000,0.00000000,0.00000000,0.00000000,0.000000,0.000000,1.000000,PASS,1.500000,2.000000,24.000000,1.500000,2.000000,24.000000,PASS,0,6.000000,12.000000,6.000000,12.000000,24,0,,0.000000,0,0.000000,0.26723242,0.00000000,adaptive_quantile,1,11,0.1.4,1.0,0.1.2,0.1.0q,0.1.0,0.1.0,0.1.0,0.1
2025.07.22 01:50,US100,PERIOD_M5,Bid,23207.70000000,23209.08000000,23203.83000000,23205.45000000,140.00,5.31285714,17.284905,0.00022895,-1,0,0,0,0.00000000,0.00000000,0.00000000,0.00000000,0.00000000,0.00000000,0.00000000,0.00000000,0.00000000,0.00000000,0.00000000,0.00000000,0.00000000,0.00000000,0.00000000,0.00000000,0.00000000,0.00000000,0.00000000,0.00000000,0.00000000,0.00000000,0.000000,0.000000,1.000000,PASS,1.500000,2.000000,24.000000,1.500000,2.000000,24.000000,PASS,0,6.000000,12.000000,6.000000,12.000000,24,0,,0.000000,0,0.000000,0.61558742,0.00000000,adaptive_quantile,1,12,0.1.4,1.0,0.1.2,0.1.0q,0.1.0,0.1.0,0.1.0,0.1
2025.07.22 01:55,US100,PERIOD_M5,Bid,23205.45000000,23205.83000000,23203.83000000,23204.58000000,140.00,5.17000000,15.310396,0.00022280,-1,0,0,0,0.00000000,0.00000000,0.00000000,0.00000000,0.00000000,0.00000000,0.00000000,0.00000000,0.00000000,0.00000000,0.00000000,0.00000000,0.00000000,0.00000000,0.00000000,0.00000000,0.00000000,0.00000000,0.00000000,0.00000000,0.00000000,0.00000000,0.000000,0.000000,1.000000,PASS,1.500000,2.000000,24.000000,1.500000,2.000000,24.000000,PASS,0,6.000000,12.000000,6.000000,12.000000,24,0,,0.000000,0,0.000000,0.72460194,0.00000000,adaptive_quantile,1,13,0.1.4,1.0,0.1.2,0.1.0q,0.1.0,0.1.0,0.1.0,0.1
2025.07.22 02:00,US100,PERIOD_M5,Bid,23204.58000000,23209.33000000,23201.95000000,23202.20000000,140.00,5.42000000,16.627882,0.00023360,-1,0,0,0,0.00000000,0.00000000,0.00000000,0.00000000,0.00000000,0.00000000,0.00000000,0.00000000,0.00000000,0.00000000,0.00000000,0.00000000,0.00000000,0.00000000,0.00000000,0.00000000,0.00000000,0.00000000,0.00000000,0.00000000,0.00000000,0.00000000,0.000000,0.000000,1.000000,PASS,1.500000,2.000000,24.000000,1.500000,2.000000,24.000000,PASS,0,6.000000,12.000000,6.000000,12.000000,24,0,,0.000000,0,0.000000,1.02264671,0.00000000,adaptive_quantile,1,14,0.1.4,1.0,0.1.2,0.1.0q,0.1.0,0.1.0,0.1.0,0.1
2025.07.22 02:05,US100,PERIOD_M5,Bid,23202.20000000,23207.83000000,23202.08000000,23207.08000000,140.00,5.60785714,17.769703,0.00024164,-1,0,0,0,0.00000000,0.00000000,0.00000000,0.00000000,0.00000000,0.00000000,0.00000000,0.00000000,0.00000000,0.00000000,0.00000000,0.00000000,0.00000000,0.00000000,0.00000000,0.00000000,0.00000000,0.00000000,0.00000000,0.00000000,0.00000000,0.00000000,0.000000,0.000000,1.000000,PASS,1.500000,2.000000,24.000000,1.500000,2.000000,24.000000,PASS,0,6.000000,12.000000,6.000000,12.000000,24,0,,0.000000,0,0.000000,0.10692615,0.00000000,adaptive_quantile,1,15,0.1.4,1.0,0.1.2,0.1.0q,0.1.0,0.1.0,0.1.0,0.1
2025.07.22 02:10,US100,PERIOD_M5,Bid,23207.08000000,23207.20000000,23205.45000000,23205.58000000,140.00,5.02714286,18.759281,0.00021664,-1,0,0,0,0.00000000,0.00000000,0.00000000,0.00000000,0.00000000,0.00000000,0.00000000,0.00000000,0.00000000,0.00000000,0.00000000,0.00000000,0.00000000,0.00000000,0.00000000,0.00000000,0.00000000,0.00000000,0.00000000,0.00000000,0.00000000,0.00000000,0.000000,0.000000,1.000000,PASS,1.500000,2.000000,24.000000,1.500000,2.000000,24.000000,PASS,0,6.000000,12.000000,6.000000,12.000000,24,0,,0.000000,0,0.000000,0.37788108,0.00000000,adaptive_quantile,1,16,0.1.4,1.0,0.1.2,0.1.0q,0.1.0,0.1.0,0.1.0,0.1
2025.07.22 02:15,US100,PERIOD_M5,Bid,23205.20000000,23208.33000000,23204.83000000,23207.45000000,140.00,4.71428571,21.570653,0.00020314,-1,0,0,0,0.00000000,0.00000000,0.00000000,0.00000000,0.00000000,0.00000000,0.00000000,0.00000000,0.00000000,0.00000000,0.00000000,0.00000000,0.00000000,0.00000000,0.00000000,0.00000000,0.00000000,0.00000000,0.00000000,0.00000000,0.00000000,0.00000000,0.000000,0.000000,1.000000,PASS,1.500000,2.000000,24.000000,1.500000,2.000000,24.000000,PASS,0,6.000000,12.000000,6.000000,12.000000,24,0,,0.000000,0,0.000000,0.00569274,0.00000000,adaptive_quantile,1,17,0.1.4,1.0,0.1.2,0.1.0q,0.1.0,0.1.0,0.1.0,0.1
2025.07.22 02:20,US100,PERIOD_M5,Bid,23207.45000000,23208.58000000,23204.58000000,23206.20000000,140.00,4.50928571,24.007176,0.00019431,-1,0,0,0,0.00000000,0.00000000,0.00000000,0.00000000,0.00000000,0.00000000,0.00000000,0.00000000,0.00000000,0.00000000,0.00000000,0.00000000,0.00000000,0.00000000,0.00000000,0.00000000,0.00000000,0.00000000,0.00000000,0.00000000,0.00000000,0.00000000,0.000000,0.000000,1.000000,PASS,1.500000,2.000000,24.000000,1.500000,2.000000,24.000000,PASS,0,6.000000,12.000000,6.000000,12.000000,24,0,,0.000000,0,0.000000,0.25618994,0.00000000,adaptive_quantile,1,18,0.1.4,1.0,0.1.2,0.1.0q,0.1.0,0.1.0,0.1.0,0.1
2025.07.22 02:25,US100,PERIOD_M5,Bid,23206.20000000,23210.20000000,23204.95000000,23209.70000000,140.00,4.53642857,27.719070,0.00019545,-1,0,0,0,0.00000000,0.00000000,0.00000000,0.00000000,0.00000000,0.00000000,0.00000000,0.00000000,0.00000000,0.00000000,0.00000000,0.00000000,0.00000000,0.00000000,0.00000000,0.00000000,0.00000000,0.00000000,0.00000000,0.00000000,0.00000000,0.00000000,0.000000,0.000000,1.000000,PASS,1.500000,2.000000,24.000000,1.500000,2.000000,24.000000,PASS,0,6.000000,12.000000,6.000000,12.000000,24,0,,0.000000,0,0.000000,0.46764878,0.00000000,adaptive_quantile,1,19,0.1.4,1.0,0.1.2,0.1.0q,0.1.0,0.1.0,0.1.0,0.1
2025.07.22 02:30,US100,PERIOD_M5,Bid,23209.58000000,23210.20000000,23207.83000000,23209.33000000,140.00,4.20571429,30.936046,0.00018121,-1,0,0,0,0.00000000,0.00000000,0.00000000,0.00000000,0.00000000,0.00000000,0.00000000,0.00000000,0.00000000,0.00000000,0.00000000,0.00000000,0.00000000,0.00000000,0.00000000,0.00000000,0.00000000,0.00000000,0.00000000,0.00000000,0.00000000,0.00000000,0.000000,0.000000,1.000000,PASS,1.500000,2.000000,24.000000,1.500000,2.000000,24.000000,PASS,0,6.000000,12.000000,6.000000,12.000000,24,0,,0.000000,0,0.000000,0.37678499,0.00000000,adaptive_quantile,1,20,0.1.4,1.0,0.1.2,0.1.0q,0.1.0,0.1.0,0.1.0,0.1
2025.07.22 02:35,US100,PERIOD_M5,Bid,23209.33000000,23211.33000000,23209.08000000,23211.20000000,140.00,4.13428571,35.662006,0.00017812,-1,0,0,0,0.00000000,0.00000000,0.00000000,0.00000000,0.00000000,0.00000000,0.00000000,0.00000000,0.00000000,0.00000000,0.00000000,0.00000000,0.00000000,0.00000000,0.00000000,0.00000000,0.00000000,0.00000000,0.00000000,0.00000000,0.00000000,0.00000000,0.000000,0.000000,1.000000,PASS,1.500000,2.000000,24.000000,1.500000,2.000000,24.000000,PASS,0,6.000000,12.000000,6.000000,12.000000,24,0,,0.000000,0,0.000000,0.75602799,0.00000000,adaptive_quantile,1,21,0.1.4,1.0,0.1.2,0.1.0q,0.1.0,0.1.0,0.1.0,0.1
2025.07.22 02:40,US100,PERIOD_M5,Bid,23211.20000000,23211.33000000,23207.83000000,23208.58000000,140.00,4.14357143,35.354261,0.00017854,-1,0,0,0,0.00000000,0.00000000,0.00000000,0.00000000,0.00000000,0.00000000,0.00000000,0.00000000,0.00000000,0.00000000,0.00000000,0.00000000,0.00000000,0.00000000,0.00000000,0.00000000,0.00000000,0.00000000,0.00000000,0.00000000,0.00000000,0.00000000,0.000000,0.000000,1.000000,PASS,1.500000,2.000000,24.000000,1.500000,2.000000,24.000000,PASS,0,6.000000,12.000000,6.000000,12.000000,24,0,,0.000000,0,0.000000,0.11040716,0.00000000,adaptive_quantile,1,22,0.1.4,1.0,0.1.2,0.1.0q,0.1.0,0.1.0,0.1.0,0.1
2025.07.22 02:45,US100,PERIOD_M5,Bid,23208.58000000,23210.20000000,23196.95000000,23200.83000000,140.00,4.74142857,32.326572,0.00020436,-1,0,0,0,0.00000000,0.00000000,0.00000000,0.00000000,0.00000000,0.00000000,0.00000000,0.00000000,0.00000000,0.00000000,0.00000000,0.00000000,0.00000000,0.00000000,0.00000000,0.00000000,0.00000000,0.00000000,0.00000000,0.00000000,0.00000000,0.00000000,0.000000,0.000000,1.000000,PASS,1.500000,2.000000,24.000000,1.500000,2.000000,24.000000,PASS,0,6.000000,12.000000,6.000000,12.000000,24,0,,0.000000,0,0.000000,1.39156253,0.00000000,adaptive_quantile,1,23,0.1.4,1.0,0.1.2,0.1.0q,0.1.0,0.1.0,0.1.0,0.1
2025.07.22 02:50,US100,PERIOD_M5,Bid,23200.33000000,23206.45000000,23198.08000000,23204.45000000,140.00,4.91071429,29.702574,0.00021163,-1,0,0,0,0.00000000,0.00000000,0.00000000,0.00000000,0.00000000,0.00000000,0.00000000,0.00000000,0.00000000,0.00000000,0.00000000,0.00000000,0.00000000,0.00000000,0.00000000,0.00000000,0.00000000,0.00000000,0.00000000,0.00000000,0.00000000,0.00000000,0.000000,0.000000,1.000000,PASS,1.500000,2.000000,24.000000,1.500000,2.000000,24.000000,PASS,0,6.000000,12.000000,6.000000,12.000000,24,0,,0.000000,0,0.000000,0.54867290,0.00000000,adaptive_quantile,1,24,0.1.4,1.0,0.1.2,0.1.0q,0.1.0,0.1.0,0.1.0,0.1
2025.07.22 02:55,US100,PERIOD_M5,Bid,23204.45000000,23209.45000000,23204.45000000,23207.70000000,140.00,4.97285714,27.829821,0.00021428,-1,0,0,0,0.00000000,0.00000000,0.00000000,0.00000000,0.00000000,0.00000000,0.00000000,0.00000000,0.00000000,0.00000000,0.00000000,0.00000000,0.00000000,0.00000000,0.00000000,0.00000000,0.00000000,0.00000000,0.00000000,0.00000000,0.00000000,0.00000000,0.000000,0.000000,1.000000,PASS,1.500000,2.000000,24.000000,1.500000,2.000000,24.000000,PASS,0,6.000000,12.000000,6.000000,12.000000,24,0,,0.000000,0,0.000000,0.10109029,0.00000000,adaptive_quantile,1,25,0.1.4,1.0,0.1.2,0.1.0q,0.1.0,0.1.0,0.1.0,0.1
2025.07.22 03:00,US100,PERIOD_M5,Bid,23207.33000000,23212.70000000,23206.45000000,23211.70000000,140.00,5.04428571,28.464971,0.00021732,-1,0,0,0,0.00000000,0.00000000,0.00000000,0.00000000,0.00000000,0.00000000,0.00000000,0.00000000,0.00000000,0.00000000,0.00000000,0.00000000,0.00000000,0.00000000,0.00000000,0.00000000,0.00000000,0.00000000,0.00000000,0.00000000,0.00000000,0.00000000,0.000000,0.000000,1.000000,PASS,1.500000,2.000000,24.000000,1.500000,2.000000,24.000000,PASS,0,6.000000,12.000000,6.000000,12.000000,24,0,,0.000000,0,0.000000,0.80762243,0.00000000,adaptive_quantile,1,26,0.1.4,1.0,0.1.2,0.1.0q,0.1.0,0.1.0,0.1.0,0.1
2025.07.22 03:05,US100,PERIOD_M5,Bid,23211.70000000,23214.08000000,23208.70000000,23211.58000000,140.00,5.28571429,29.937281,0.00022772,-1,0,0,0,0.00000000,0.00000000,0.00000000,0.00000000,0.00000000,0.00000000,0.00000000,0.00000000,0.00000000,0.00000000,0.00000000,0.00000000,0.00000000,0.00000000,0.00000000,0.00000000,0.00000000,0.00000000,0.00000000,0.00000000,0.00000000,0.00000000,0.000000,0.000000,1.000000,PASS,1.500000,2.000000,24.000000,1.500000,2.000000,24.000000,PASS,0,6.000000,12.000000,6.000000,12.000000,24,0,,0.000000,0,0.000000,0.67678998,0.00000000,adaptive_quantile,1,27,0.1.4,1.0,0.1.2,0.1.0q,0.1.0,0.1.0,0.1.0,0.1
2025.07.22 03:10,US100,PERIOD_M5,Bid,23211.33000000,23217.08000000,23210.45000000,23216.58000000,140.00,5.23214286,32.606352,0.00022536,-1,0,0,0,0.00000000,0.00000000,0.00000000,0.00000000,0.00000000,0.00000000,0.00000000,0.00000000,0.00000000,0.00000000,0.00000000,0.00000000,0.00000000,0.00000000,0.00000000,0.00000000,0.00000000,0.00000000,0.00000000,0.00000000,0.00000000,0.00000000,0.000000,0.000000,1.000000,PASS,1.500000,2.000000,24.000000,1.500000,2.000000,24.000000,PASS,0,6.000000,12.000000,6.000000,12.000000,24,0,,0.000000,0,0.000000,1.48322230,0.00000000,adaptive_quantile,1,28,0.1.4,1.0,0.1.2,0.1.0q,0.1.0,0.1.0,0.1.0,0.1
2025.07.22 03:15,US100,PERIOD_M5,Bid,23216.45000000,23216.70000000,23212.45000000,23215.33000000,140.00,5.12500000,34.919547,0.00022076,-1,0,0,0,0.00000000,0.00000000,0.00000000,0.00000000,0.00000000,0.00000000,0.00000000,0.00000000,0.00000000,0.00000000,0.00000000,0.00000000,0.00000000,0.00000000,0.00000000,0.00000000,0.00000000,0.00000000,0.00000000,0.00000000,0.00000000,0.00000000,0.000000,0.000000,1.000000,PASS,1.500000,2.000000,24.000000,1.500000,2.000000,24.000000,PASS,0,6.000000,12.000000,6.000000,12.000000,24,0,,0.000000,0,0.000000,1.14934438,0.00000000,adaptive_quantile,1,29,0.1.4,1.0,0.1.2,0.1.0q,0.1.0,0.1.0,0.1.0,0.1
2025.07.22 03:20,US100,PERIOD_M5,Bid,23215.33000000,23221.20000000,23215.33000000,23219.83000000,140.00,5.41928571,38.795030,0.00023339,-1,0,0,0,0.00000000,0.00000000,0.00000000,0.00000000,0.00000000,0.00000000,0.00000000,0.00000000,0.00000000,0.00000000,0.00000000,0.00000000,0.00000000,0.00000000,0.00000000,0.00000000,0.00000000,0.00000000,0.00000000,0.00000000,0.00000000,0.00000000,0.000000,0.000000,1.000000,PASS,1.500000,2.000000,24.000000,1.500000,2.000000,24.000000,PASS,0,6.000000,12.000000,6.000000,12.000000,24,0,,0.000000,0,0.000000,1.73469890,0.00000000,adaptive_quantile,1,30,0.1.4,1.0,0.1.2,0.1.0q,0.1.0,0.1.0,0.1.0,0.1
2025.07.22 03:25,US100,PERIOD_M5,Bid,23219.83000000,23222.08000000,23218.58000000,23220.33000000,140.00,5.41928571,42.614379,0.00023339,-1,0,0,0,0.00000000,0.00000000,0.00000000,0.00000000,0.00000000,0.00000000,0.00000000,0.00000000,0.00000000,0.00000000,0.00000000,0.00000000,0.00000000,0.00000000,0.00000000,0.00000000,0.00000000,0.00000000,0.00000000,0.00000000,0.00000000,0.00000000,0.000000,0.000000,1.000000,PASS,1.500000,2.000000,24.000000,1.500000,2.000000,24.000000,PASS,0,6.000000,12.000000,6.000000,12.000000,24,0,,0.000000,0,0.000000,1.65296561,0.00000000,adaptive_quantile,1,31,0.1.4,1.0,0.1.2,0.1.0q,0.1.0,0.1.0,0.1.0,0.1
2025.07.22 03:30,US100,PERIOD_M5,Bid,23220.45000000,23220.45000000,23214.20000000,23217.20000000,140.00,5.58000000,40.661119,0.00024034,-1,0,0,0,0.00000000,0.00000000,0.00000000,0.00000000,0.00000000,0.00000000,0.00000000,0.00000000,0.00000000,0.00000000,0.00000000,0.00000000,0.00000000,0.00000000,0.00000000,0.00000000,0.00000000,0.00000000,0.00000000,0.00000000,0.00000000,0.00000000,0.000000,0.000000,1.000000,PASS,1.500000,2.000000,24.000000,1.500000,2.000000,24.000000,PASS,0,6.000000,12.000000,6.000000,12.000000,24,0,,0.000000,0,0.000000,0.94495618,0.00000000,adaptive_quantile,1,32,0.1.4,1.0,0.1.2,0.1.0q,0.1.0,0.1.0,0.1.0,0.1
2025.07.22 03:35,US100,PERIOD_M5,Bid,23216.95000000,23217.33000000,23208.45000000,23211.20000000,140.00,5.83928571,35.541203,0.00025157,-1,0,0,0,0.00000000,0.00000000,0.00000000,0.00000000,0.00000000,0.00000000,0.00000000,0.00000000,0.00000000,0.00000000,0.00000000,0.00000000,0.00000000,0.00000000,0.00000000,0.00000000,0.00000000,0.00000000,0.00000000,0.00000000,0.00000000,0.00000000,0.000000,0.000000,1.000000,PASS,1.500000,2.000000,24.000000,1.500000,2.000000,24.000000,PASS,0,6.000000,12.000000,6.000000,12.000000,24,0,,0.000000,0,0.000000,0.11266663,0.00000000,adaptive_quantile,1,33,0.1.4,1.0,0.1.2,0.1.0q,0.1.0,0.1.0,0.1.0,0.1
2025.07.22 03:40,US100,PERIOD_M5,Bid,23211.20000000,23212.33000000,23209.33000000,23210.20000000,140.00,5.88428571,31.103943,0.00025352,-1,0,0,0,0.00000000,0.00000000,0.00000000,0.00000000,0.00000000,0.00000000,0.00000000,0.00000000,0.00000000,0.00000000,0.00000000,0.00000000,0.00000000,0.00000000,0.00000000,0.00000000,0.00000000,0.00000000,0.00000000,0.00000000,0.00000000,0.00000000,0.000000,0.000000,1.000000,PASS,1.500000,2.000000,24.000000,1.500000,2.000000,24.000000,PASS,0,6.000000,12.000000,6.000000,12.000000,24,0,,0.000000,0,0.000000,0.25491592,0.00000000,adaptive_quantile,1,34,0.1.4,1.0,0.1.2,0.1.0q,0.1.0,0.1.0,0.1.0,0.1
2025.07.22 03:45,US100,PERIOD_M5,Bid,23209.95000000,23211.83000000,23207.33000000,23207.70000000,140.00,6.04500000,28.769742,0.00026047,-1,0,0,0,0.00000000,0.00000000,0.00000000,0.00000000,0.00000000,0.00000000,0.00000000,0.00000000,0.00000000,0.00000000,0.00000000,0.00000000,0.00000000,0.00000000,0.00000000,0.00000000,0.00000000,0.00000000,0.00000000,0.00000000,0.00000000,0.00000000,0.000000,0.000000,1.000000,PASS,1.500000,2.000000,24.000000,1.500000,2.000000,24.000000,PASS,0,6.000000,12.000000,6.000000,12.000000,24,0,,0.000000,0,0.000000,0.59868419,0.00000000,adaptive_quantile,1,35,0.1.4,1.0,0.1.2,0.1.0q,0.1.0,0.1.0,0.1.0,0.1
2025.07.22 03:50,US100,PERIOD_M5,Bid,23207.70000000,23209.20000000,23204.70000000,23205.95000000,140.00,6.11642857,28.941242,0.00026357,-1,0,0,0,0.00000000,0.00000000,0.00000000,0.00000000,0.00000000,0.00000000,0.00000000,0.00000000,0.00000000,0.00000000,0.00000000,0.00000000,0.00000000,0.00000000,0.00000000,0.00000000,0.00000000,0.00000000,0.00000000,0.00000000,0.00000000,0.00000000,0.000000,0.000000,1.000000,PASS,1.500000,2.000000,24.000000,1.500000,2.000000,24.000000,PASS,0,6.000000,12.000000,6.000000,12.000000,24,0,,0.000000,0,0.000000,0.79420665,0.00000000,adaptive_quantile,1,36,0.1.4,1.0,0.1.2,0.1.0q,0.1.0,0.1.0,0.1.0,0.1
2025.07.22 03:55,US100,PERIOD_M5,Bid,23206.20000000,23207.20000000,23198.95000000,23201.20000000,140.00,5.75928571,31.026636,0.00024823,-1,0,0,0,0.00000000,0.00000000,0.00000000,0.00000000,0.00000000,0.00000000,0.00000000,0.00000000,0.00000000,0.00000000,0.00000000,0.00000000,0.00000000,0.00000000,0.00000000,0.00000000,0.00000000,0.00000000,0.00000000,0.00000000,0.00000000,0.00000000,0.000000,0.000000,1.000000,PASS,1.500000,2.000000,24.000000,1.500000,2.000000,24.000000,PASS,0,6.000000,12.000000,6.000000,12.000000,24,0,,0.000000,0,0.000000,1.50933446,0.00000000,adaptive_quantile,1,37,0.1.4,1.0,0.1.2,0.1.0q,0.1.0,0.1.0,0.1.0,0.1
2025.07.22 04:00,US100,PERIOD_M5,Bid,23200.70000000,23204.33000000,23196.08000000,23198.95000000,140.00,5.75071429,33.623338,0.00024789,-1,0,0,0,0.00000000,0.00000000,0.00000000,0.00000000,0.00000000,0.00000000,0.00000000,0.00000000,0.00000000,0.00000000,0.00000000,0.00000000,0.00000000,0.00000000,0.00000000,0.00000000,0.00000000,0.00000000,0.00000000,0.00000000,0.00000000,0.00000000,0.000000,0.000000,1.000000,PASS,1.500000,2.000000,24.000000,1.500000,2.000000,24.000000,PASS,0,6.000000,12.000000,6.000000,12.000000,24,0,,0.000000,0,0.000000,1.72161702,0.00000000,adaptive_quantile,1,38,0.1.4,1.0,0.1.2,0.1.0q,0.1.0,0.1.0,0.1.0,0.1
2025.07.22 04:05,US100,PERIOD_M5,Bid,23198.95000000,23204.70000000,23198.95000000,23203.58000000,140.00,5.80428571,35.426484,0.00025015,-1,0,0,0,0.00000000,0.00000000,0.00000000,0.00000000,0.00000000,0.00000000,0.00000000,0.00000000,0.00000000,0.00000000,0.00000000,0.00000000,0.00000000,0.00000000,0.00000000,0.00000000,0.00000000,0.00000000,0.00000000,0.00000000,0.00000000,0.00000000,0.000000,0.000000,1.000000,PASS,1.500000,2.000000,24.000000,1.500000,2.000000,24.000000,PASS,0,6.000000,12.000000,6.000000,12.000000,24,0,,0.000000,0,0.000000,0.82156062,0.00000000,adaptive_quantile,1,39,0.1.4,1.0,0.1.2,0.1.0q,0.1.0,0.1.0,0.1.0,0.1
2025.07.22 04:10,US100,PERIOD_M5,Bid,23203.83000000,23212.20000000,23203.58000000,23211.20000000,140.00,5.97357143,31.926499,0.00025736,-1,0,0,0,0.00000000,0.00000000,0.00000000,0.00000000,0.00000000,0.00000000,0.00000000,0.00000000,0.00000000,0.00000000,0.00000000,0.00000000,0.00000000,0.00000000,0.00000000,0.00000000,0.00000000,0.00000000,0.00000000,0.00000000,0.00000000,0.00000000,0.000000,0.000000,1.000000,PASS,1.500000,2.000000,24.000000,1.500000,2.000000,24.000000,PASS,0,6.000000,12.000000,6.000000,12.000000,24,0,,0.000000,0,0.000000,0.43187948,0.00000000,adaptive_quantile,1,40,0.1.4,1.0,0.1.2,0.1.0q,0.1.0,0.1.0,0.1.0,0.1
2025.07.22 04:15,US100,PERIOD_M5,Bid,23211.20000000,23211.45000000,23203.45000000,23205.83000000,140.00,6.16071429,28.960147,0.00026548,-1,0,0,0,0.00000000,0.00000000,0.00000000,0.00000000,0.00000000,0.00000000,0.00000000,0.00000000,0.00000000,0.00000000,0.00000000,0.00000000,0.00000000,0.00000000,0.00000000,0.00000000,0.00000000,0.00000000,0.00000000,0.00000000,0.00000000,0.00000000,0.000000,0.000000,1.000000,PASS,1.500000,2.000000,24.000000,1.500000,2.000000,24.000000,PASS,0,6.000000,12.000000,6.000000,12.000000,24,0,,0.000000,0,0.000000,0.40975926,0.00000000,adaptive_quantile,1,41,0.1.4,1.0,0.1.2,0.1.0q,0.1.0,0.1.0,0.1.0,0.1
2025.07.22 04:20,US100,PERIOD_M5,Bid,23206.08000000,23211.95000000,23205.95000000,23207.20000000,140.00,6.12428571,25.934747,0.00026390,-1,0,0,0,0.00000000,0.00000000,0.00000000,0.00000000,0.00000000,0.00000000,0.00000000,0.00000000,0.00000000,0.00000000,0.00000000,0.00000000,0.00000000,0.00000000,0.00000000,0.00000000,0.00000000,0.00000000,0.00000000,0.00000000,0.00000000,0.00000000,0.000000,0.000000,1.000000,PASS,1.500000,2.000000,24.000000,1.500000,2.000000,24.000000,PASS,0,6.000000,12.000000,6.000000,12.000000,24,0,,0.000000,0,0.000000,0.17054494,0.00000000,adaptive_quantile,1,42,0.1.4,1.0,0.1.2,0.1.0q,0.1.0,0.1.0,0.1.0,0.1
2025.07.22 04:25,US100,PERIOD_M5,Bid,23207.08000000,23213.20000000,23204.45000000,23213.08000000,140.00,6.44571429,24.187417,0.00027768,-1,0,0,0,0.00000000,0.00000000,0.00000000,0.00000000,0.00000000,0.00000000,0.00000000,0.00000000,0.00000000,0.00000000,0.00000000,0.00000000,0.00000000,0.00000000,0.00000000,0.00000000,0.00000000,0.00000000,0.00000000,0.00000000,0.00000000,0.00000000,0.000000,0.000000,1.000000,PASS,1.500000,2.000000,24.000000,1.500000,2.000000,24.000000,PASS,0,6.000000,12.000000,6.000000,12.000000,24,0,,0.000000,0,0.000000,0.67874665,0.00000000,adaptive_quantile,1,43,0.1.4,1.0,0.1.2,0.1.0q,0.1.0,0.1.0,0.1.0,0.1
2025.07.22 04:30,US100,PERIOD_M5,Bid,23212.95000000,23218.95000000,23211.20000000,23216.83000000,140.00,6.58000000,23.148055,0.00028342,-1,0,0,0,0.00000000,0.00000000,0.00000000,0.00000000,0.00000000,0.00000000,0.00000000,0.00000000,0.00000000,0.00000000,0.00000000,0.00000000,0.00000000,0.00000000,0.00000000,0.00000000,0.00000000,0.00000000,0.00000000,0.00000000,0.00000000,0.00000000,0.000000,0.000000,1.000000,PASS,1.500000,2.000000,24.000000,1.500000,2.000000,24.000000,PASS,0,6.000000,12.000000,6.000000,12.000000,24,0,,0.000000,0,0.000000,1.11720316,0.00000000,adaptive_quantile,1,44,0.1.4,1.0,0.1.2,0.1.0q,0.1.0,0.1.0,0.1.0,0.1
2025.07.22 04:35,US100,PERIOD_M5,Bid,23216.70000000,23219.95000000,23216.70000000,23219.20000000,140.00,6.56214286,23.476495,0.00028262,-1,0,0,0,0.00000000,0.00000000,0.00000000,0.00000000,0.00000000,0.00000000,0.00000000,0.00000000,0.00000000,0.00000000,0.00000000,0.00000000,0.00000000,0.00000000,0.00000000,0.00000000,0.00000000,0.00000000,0.00000000,0.00000000,0.00000000,0.00000000,0.000000,0.000000,1.000000,PASS,1.500000,2.000000,24.000000,1.500000,2.000000,24.000000,PASS,0,6.000000,12.000000,6.000000,12.000000,24,0,,0.000000,0,0.000000,1.34031958,0.00000000,adaptive_quantile,1,45,0.1.4,1.0,0.1.2,0.1.0q,0.1.0,0.1.0,0.1.0,0.1
2025.07.22 04:40,US100,PERIOD_M5,Bid,23219.20000000,23221.33000000,23217.08000000,23218.45000000,140.00,6.41928571,24.935219,0.00027647,-1,0,0,0,0.00000000,0.00000000,0.00000000,0.00000000,0.00000000,0.00000000,0.00000000,0.00000000,0.00000000,0.00000000,0.00000000,0.00000000,0.00000000,0.00000000,0.00000000,0.00000000,0.00000000,0.00000000,0.00000000,0.00000000,0.00000000,0.00000000,0.000000,0.000000,1.000000,PASS,1.500000,2.000000,24.000000,1.500000,2.000000,24.000000,PASS,0,6.000000,12.000000,6.000000,12.000000,24,0,,0.000000,0,0.000000,1.13394905,0.00000000,adaptive_quantile,1,46,0.1.4,1.0,0.1.2,0.1.0q,0.1.0,0.1.0,0.1.0,0.1
2025.07.22 04:45,US100,PERIOD_M5,Bid,23218.45000000,23228.20000000,23218.08000000,23223.95000000,140.00,6.50785714,28.141788,0.00028022,-1,0,0,0,0.00000000,0.00000000,0.00000000,0.00000000,0.00000000,0.00000000,0.00000000,0.00000000,0.00000000,0.00000000,0.00000000,0.00000000,0.00000000,0.00000000,0.00000000,0.00000000,0.00000000,0.00000000,0.00000000,0.00000000,0.00000000,0.00000000,0.000000,0.000000,1.000000,PASS,1.500000,2.000000,24.000000,1.500000,2.000000,24.000000,PASS,0,6.000000,12.000000,6.000000,12.000000,24,0,,0.000000,0,0.000000,1.77663422,0.00000000,adaptive_quantile,1,47,0.1.4,1.0,0.1.2,0.1.0q,0.1.0,0.1.0,0.1.0,0.1
2025.07.22 04:50,US100,PERIOD_M5,Bid,23223.95000000,23225.45000000,23222.95000000,23223.70000000,140.00,6.47214286,30.920815,0.00027869,-1,0,0,0,0.00000000,0.00000000,0.00000000,0.00000000,0.00000000,0.00000000,0.00000000,0.00000000,0.00000000,0.00000000,0.00000000,0.00000000,0.00000000,0.00000000,0.00000000,0.00000000,0.00000000,0.00000000,0.00000000,0.00000000,0.00000000,0.00000000,0.000000,0.000000,1.000000,PASS,1.500000,2.000000,24.000000,1.500000,2.000000,24.000000,PASS,0,6.000000,12.000000,6.000000,12.000000,24,0,,0.000000,0,0.000000,1.58135270,0.00000000,adaptive_quantile,1,48,0.1.4,1.0,0.1.2,0.1.0q,0.1.0,0.1.0,0.1.0,0.1
2025.07.22 04:55,US100,PERIOD_M5,Bid,23223.58000000,23226.45000000,23223.33000000,23225.95000000,140.00,6.37357143,34.162678,0.00027442,-1,0,0,0,0.00000000,0.00000000,0.00000000,0.00000000,0.00000000,0.00000000,0.00000000,0.00000000,0.00000000,0.00000000,0.00000000,0.00000000,0.00000000,0.00000000,0.00000000,0.00000000,0.00000000,0.00000000,0.00000000,0.00000000,0.00000000,0.00000000,0.000000,0.000000,1.000000,PASS,1.500000,2.000000,24.000000,1.500000,2.000000,24.000000,PASS,0,6.000000,12.000000,6.000000,12.000000,24,0,,0.000000,0,0.000000,1.77227443,0.00000000,adaptive_quantile,1,49,0.1.4,1.0,0.1.2,0.1.0q,0.1.0,0.1.0,0.1.0,0.1
2025.07.22 05:00,US100,PERIOD_M5,Bid,23225.95000000,23226.83000000,23223.58000000,23224.08000000,140.00,6.28428571,37.265006,0.00027059,-1,0,0,0,0.00000000,0.00000000,0.00000000,0.00000000,0.00000000,0.00000000,0.00000000,0.00000000,0.00000000,0.00000000,0.00000000,0.00000000,0.00000000,0.00000000,0.00000000,0.00000000,0.00000000,0.00000000,0.00000000,0.00000000,0.00000000,0.00000000,0.000000,0.000000,1.000000,PASS,1.500000,2.000000,24.000000,1.500000,2.000000,24.000000,PASS,0,6.000000,12.000000,6.000000,12.000000,24,0,,0.000000,0,0.000000,1.35704051,0.00000000,adaptive_quantile,1,50,0.1.4,1.0,0.1.2,0.1.0q,0.1.0,0.1.0,0.1.0,0.1
2025.07.22 05:05,US100,PERIOD_M5,Bid,23224.08000000,23224.33000000,23214.45000000,23217.70000000,140.00,6.40071429,33.467114,0.00027568,-1,0,0,0,0.00000000,0.00000000,0.00000000,0.00000000,0.00000000,0.00000000,0.00000000,0.00000000,0.00000000,0.00000000,0.00000000,0.00000000,0.00000000,0.00000000,0.00000000,0.00000000,0.00000000,0.00000000,0.00000000,0.00000000,0.00000000,0.00000000,0.000000,0.000000,1.000000,PASS,1.500000,2.000000,24.000000,1.500000,2.000000,24.000000,PASS,0,6.000000,12.000000,6.000000,12.000000,24,0,,0.000000,0,0.000000,0.30363111,0.00000000,adaptive_quantile,1,51,0.1.4,1.0,0.1.2,0.1.0q,0.1.0,0.1.0,0.1.0,0.1
2025.07.22 05:10,US100,PERIOD_M5,Bid,23217.83000000,23218.95000000,23214.08000000,23215.45000000,140.00,6.15928571,29.762525,0.00026531,-1,0,0,0,0.00000000,0.00000000,0.00000000,0.00000000,0.00000000,0.00000000,0.00000000,0.00000000,0.00000000,0.00000000,0.00000000,0.00000000,0.00000000,0.00000000,0.00000000,0.00000000,0.00000000,0.00000000,0.00000000,0.00000000,0.00000000,0.00000000,0.000000,0.000000,1.000000,PASS,1.500000,2.000000,24.000000,1.500000,2.000000,24.000000,PASS,0,6.000000,12.000000,6.000000,12.000000,24,0,,0.000000,0,0.000000,0.04502947,0.00000000,adaptive_quantile,1,52,0.1.4,1.0,0.1.2,0.1.0q,0.1.0,0.1.0,0.1.0,0.1
2025.07.22 05:15,US100,PERIOD_M5,Bid,23215.20000000,23217.20000000,23214.45000000,23215.95000000,140.00,5.94500000,26.551880,0.00025607,-1,0,0,0,0.00000000,0.00000000,0.00000000,0.00000000,0.00000000,0.00000000,0.00000000,0.00000000,0.00000000,0.00000000,0.00000000,0.00000000,0.00000000,0.00000000,0.00000000,0.00000000,0.00000000,0.00000000,0.00000000,0.00000000,0.00000000,0.00000000,0.000000,0.000000,1.000000,PASS,1.500000,2.000000,24.000000,1.500000,2.000000,24.000000,PASS,0,6.000000,12.000000,6.000000,12.000000,24,0,,0.000000,0,0.000000,0.03388492,0.00000000,adaptive_quantile,1,53,0.1.4,1.0,0.1.2,0.1.0q,0.1.0,0.1.0,0.1.0,0.1
2025.07.22 05:20,US100,PERIOD_M5,Bid,23215.95000000,23218.08000000,23215.95000000,23218.08000000,140.00,5.48142857,25.919066,0.00023608,-1,0,0,0,0.00000000,0.00000000,0.00000000,0.00000000,0.00000000,0.00000000,0.00000000,0.00000000,0.00000000,0.00000000,0.00000000,0.00000000,0.00000000,0.00000000,0.00000000,0.00000000,0.00000000,0.00000000,0.00000000,0.00000000,0.00000000,0.00000000,0.000000,0.000000,1.000000,PASS,1.500000,2.000000,24.000000,1.500000,2.000000,24.000000,PASS,0,6.000000,12.000000,6.000000,12.000000,24,0,,0.000000,0,0.000000,0.38482730,0.00000000,adaptive_quantile,1,54,0.1.4,1.0,0.1.2,0.1.0q,0.1.0,0.1.0,0.1.0,0.1
2025.07.22 05:25,US100,PERIOD_M5,Bid,23218.08000000,23218.33000000,23211.33000000,23212.20000000,140.00,5.41000000,23.447047,0.00023307,-1,0,0,0,0.00000000,0.00000000,0.00000000,0.00000000,0.00000000,0.00000000,0.00000000,0.00000000,0.00000000,0.00000000,0.00000000,0.00000000,0.00000000,0.00000000,0.00000000,0.00000000,0.00000000,0.00000000,0.00000000,0.00000000,0.00000000,0.00000000,0.000000,0.000000,1.000000,PASS,1.500000,2.000000,24.000000,1.500000,2.000000,24.000000,PASS,0,6.000000,12.000000,6.000000,12.000000,24,0,,0.000000,0,0.000000,0.63059005,0.00000000,adaptive_quantile,1,55,0.1.4,1.0,0.1.2,0.1.0q,0.1.0,0.1.0,0.1.0,0.1
2025.07.22 05:30,US100,PERIOD_M5,Bid,23212.33000000,23215.70000000,23212.20000000,23215.70000000,140.00,5.22285714,21.304631,0.00022497,-1,0,0,0,0.00000000,0.00000000,0.00000000,0.00000000,0.00000000,0.00000000,0.00000000,0.00000000,0.00000000,0.00000000,0.00000000,0.00000000,0.00000000,0.00000000,0.00000000,0.00000000,0.00000000,0.00000000,0.00000000,0.00000000,0.00000000,0.00000000,0.000000,0.000000,1.000000,PASS,1.500000,2.000000,24.000000,1.500000,2.000000,24.000000,PASS,0,6.000000,12.000000,6.000000,12.000000,24,0,,0.000000,0,0.000000,0.01533231,0.00000000,adaptive_quantile,1,56,0.1.4,1.0,0.1.2,0.1.0q,0.1.0,0.1.0,0.1.0,0.1
2025.07.22 05:35,US100,PERIOD_M5,Bid,23215.58000000,23215.70000000,23213.20000000,23213.58000000,140.00,4.77642857,19.447871,0.00020576,-1,0,0,0,0.00000000,0.00000000,0.00000000,0.00000000,0.00000000,0.00000000,0.00000000,0.00000000,0.00000000,0.00000000,0.00000000,0.00000000,0.00000000,0.00000000,0.00000000,0.00000000,0.00000000,0.00000000,0.00000000,0.00000000,0.00000000,0.00000000,0.000000,0.000000,1.000000,PASS,1.500000,2.000000,24.000000,1.500000,2.000000,24.000000,PASS,0,6.000000,12.000000,6.000000,12.000000,24,0,,0.000000,0,0.000000,0.38640655,0.00000000,adaptive_quantile,1,57,0.1.4,1.0,0.1.2,0.1.0q,0.1.0,0.1.0,0.1.0,0.1
2025.07.22 05:40,US100,PERIOD_M5,Bid,23213.58000000,23214.33000000,23207.20000000,23207.58000000,140.00,4.73214286,21.783137,0.00020391,-1,0,0,0,0.00000000,0.00000000,0.00000000,0.00000000,0.00000000,0.00000000,0.00000000,0.00000000,0.00000000,0.00000000,0.00000000,0.00000000,0.00000000,0.00000000,0.00000000,0.00000000,0.00000000,0.00000000,0.00000000,0.00000000,0.00000000,0.00000000,0.000000,0.000000,1.000000,PASS,1.500000,2.000000,24.000000,1.500000,2.000000,24.000000,PASS,0,6.000000,12.000000,6.000000,12.000000,24,0,,0.000000,0,0.000000,1.50004752,0.00000000,adaptive_quantile,1,58,0.1.4,1.0,0.1.2,0.1.0q,0.1.0,0.1.0,0.1.0,0.1
2025.07.22 05:45,US100,PERIOD_M5,Bid,23207.83000000,23208.20000000,23205.20000000,23206.20000000,140.00,4.71428571,25.706455,0.00020315,-1,0,0,0,0.00000000,0.00000000,0.00000000,0.00000000,0.00000000,0.00000000,0.00000000,0.00000000,0.00000000,0.00000000,0.00000000,0.00000000,0.00000000,0.00000000,0.00000000,0.00000000,0.00000000,0.00000000,0.00000000,0.00000000,0.00000000,0.00000000,0.000000,0.000000,1.000000,PASS,1.500000,2.000000,24.000000,1.500000,2.000000,24.000000,PASS,0,6.000000,12.000000,6.000000,12.000000,24,0,,0.000000,0,0.000000,1.62717519,0.00000000,adaptive_quantile,1,59,0.1.4,1.0,0.1.2,0.1.0q,0.1.0,0.1.0,0.1.0,0.1
2025.07.22 05:50,US100,PERIOD_M5,Bid,23206.20000000,23208.45000000,23205.45000000,23207.20000000,140.00,4.62500000,28.470273,0.00019929,-1,0,0,0,0.00000000,0.00000000,0.00000000,0.00000000,0.00000000,0.00000000,0.00000000,0.00000000,0.00000000,0.00000000,0.00000000,0.00000000,0.00000000,0.00000000,0.00000000,0.00000000,0.00000000,0.00000000,0.00000000,0.00000000,0.00000000,0.00000000,0.000000,0.000000,1.000000,PASS,1.500000,2.000000,24.000000,1.500000,2.000000,24.000000,PASS,0,6.000000,12.000000,6.000000,12.000000,24,0,,0.000000,0,0.000000,1.30500290,0.00000000,adaptive_quantile,1,60,0.1.4,1.0,0.1.2,0.1.0q,0.1.0,0.1.0,0.1.0,0.1
2025.07.22 05:55,US100,PERIOD_M5,Bid,23207.33000000,23209.20000000,23205.45000000,23207.95000000,140.00,4.17000000,29.296087,0.00017968,-1,0,0,0,0.00000000,0.00000000,0.00000000,0.00000000,0.00000000,0.00000000,0.00000000,0.00000000,0.00000000,0.00000000,0.00000000,0.00000000,0.00000000,0.00000000,0.00000000,0.00000000,0.00000000,0.00000000,0.00000000,0.00000000,0.00000000,0.00000000,0.000000,0.000000,1.000000,PASS,1.500000,2.000000,24.000000,1.500000,2.000000,24.000000,PASS,0,6.000000,12.000000,6.000000,12.000000,24,0,,0.000000,0,0.000000,1.14682117,0.00000000,adaptive_quantile,1,61,0.1.4,1.0,0.1.2,0.1.0q,0.1.0,0.1.0,0.1.0,0.1
2025.07.22 06:00,US100,PERIOD_M5,Bid,23208.08000000,23209.33000000,23204.95000000,23207.95000000,140.00,4.30428571,30.449797,0.00018547,-1,0,0,0,0.00000000,0.00000000,0.00000000,0.00000000,0.00000000,0.00000000,0.00000000,0.00000000,0.00000000,0.00000000,0.00000000,0.00000000,0.00000000,0.00000000,0.00000000,0.00000000,0.00000000,0.00000000,0.00000000,0.00000000,0.00000000,0.00000000,0.000000,0.000000,1.000000,PASS,1.500000,2.000000,24.000000,1.500000,2.000000,24.000000,PASS,0,6.000000,12.000000,6.000000,12.000000,24,0,,0.000000,0,0.000000,1.00522891,0.00000000,adaptive_quantile,1,62,0.1.4,1.0,0.1.2,0.1.0q,0.1.0,0.1.0,0.1.0,0.1
2025.07.22 06:05,US100,PERIOD_M5,Bid,23207.95000000,23208.95000000,23205.83000000,23205.83000000,140.00,4.30428571,31.449679,0.00018548,-1,0,0,0,0.00000000,0.00000000,0.00000000,0.00000000,0.00000000,0.00000000,0.00000000,0.00000000,0.00000000,0.00000000,0.00000000,0.00000000,0.00000000,0.00000000,0.00000000,0.00000000,0.00000000,0.00000000,0.00000000,0.00000000,0.00000000,0.00000000,0.000000,0.000000,1.000000,PASS,1.500000,2.000000,24.000000,1.500000,2.000000,24.000000,PASS,0,6.000000,12.000000,6.000000,12.000000,24,0,,0.000000,0,0.000000,1.35511734,0.00000000,adaptive_quantile,1,63,0.1.4,1.0,0.1.2,0.1.0q,0.1.0,0.1.0,0.1.0,0.1
2025.07.22 06:10,US100,PERIOD_M5,Bid,23205.83000000,23207.33000000,23201.45000000,23201.45000000,140.00,4.49214286,34.831453,0.00019361,-1,0,0,0,0.00000000,0.00000000,0.00000000,0.00000000,0.00000000,0.00000000,0.00000000,0.00000000,0.00000000,0.00000000,0.00000000,0.00000000,0.00000000,0.00000000,0.00000000,0.00000000,0.00000000,0.00000000,0.00000000,0.00000000,0.00000000,0.00000000,0.000000,0.000000,1.000000,PASS,1.500000,2.000000,24.000000,1.500000,2.000000,24.000000,PASS,0,6.000000,12.000000,6.000000,12.000000,24,0,,0.000000,0,0.000000,2.05696117,0.00000000,adaptive_quantile,1,64,0.1.4,1.0,0.1.2,0.1.0q,0.1.0,0.1.0,0.1.0,0.1
2025.07.22 06:15,US100,PERIOD_M5,Bid,23201.20000000,23201.95000000,23198.70000000,23199.95000000,140.00,4.01857143,39.403019,0.00017321,4,0,0,0,-0.00006465,-0.00034477,-0.00068942,0.80874509,-0.31105581,-0.23076923,-2.41809583,-3.02145028,-0.25453639,-0.30492094,0.39403018,0.34838250,0.90498620,0.42544085,0.00000000,0.00000000,0.00000000,0.00000000,1.00000000,0.00000000,0.00000000,0.00000000,0.800000,0.100000,0.100000,LONG,6.000000,12.000000,72.000000,6.000000,12.000000,72.000000,LONG,0,0.000000,0.000000,0.000000,0.000000,72,1,,0.371667,6,0.011333,2.41809580,1.35704051,adaptive_quantile,0,0,0.1.4,1.0,0.1.2,0.1.0q,0.1.0,0.1.0,0.1.0,0.1
2025.07.22 06:20,US100,PERIOD_M5,Bid,23199.95000000,23200.83000000,23197.20000000,23197.45000000,140.00,3.93000000,43.934677,0.00016942,4,0,0,0,-0.00010776,-0.00036118,-0.00088893,0.92366409,-0.63613230,-0.86225897,-2.81265640,-3.57957268,-0.29606909,-0.35191688,0.43934676,0.35623410,0.90630782,0.42261827,0.00000000,0.00000000,0.00000000,0.00000000,1.00000000,0.00000000,0.00000000,0.00000000,0.800000,0.100000,0.100000,LONG,6.000000,12.000000,72.000000,6.000000,12.000000,72.000000,LONG,0,0.000000,0.000000,0.000000,0.000000,72,1,,0.371667,6,0.011333,2.81265629,1.39156253,adaptive_quantile,0,0,0.1.4,1.0,0.1.2,0.1.0q,0.1.0,0.1.0,0.1.0,0.1
2025.07.22 06:25,US100,PERIOD_M5,Bid,23197.45000000,23198.70000000,23194.58000000,23195.70000000,140.00,4.02785714,48.561796,0.00017365,4,0,0,0,-0.00007544,-0.00024786,-0.00071109,1.02287638,-0.43447420,-0.45631069,-2.87605429,-3.77307773,-0.30274254,-0.38334727,0.48561797,0.34757936,0.90762055,0.41979155,0.00000000,0.00000000,0.00000000,0.00000000,1.00000000,0.00000000,0.00000000,0.00000000,0.800000,0.100000,0.100000,LONG,6.000000,12.000000,72.000000,6.000000,12.000000,72.000000,LONG,0,0.000000,0.000000,0.000000,0.000000,72,1,,0.371667,6,0.011333,2.87605421,1.44349701,adaptive_quantile,0,0,0.1.4,1.0,0.1.2,0.1.0q,0.1.0,0.1.0,0.1.0,0.1
2025.07.22 06:30,US100,PERIOD_M5,Bid,23195.70000000,23198.70000000,23194.33000000,23194.95000000,140.00,4.18785714,52.629101,0.00018055,4,0,0,0,-0.00003233,-0.00021554,-0.00089419,1.04349315,-0.17908920,-0.71624714,-2.66476059,-3.65867996,-0.28050113,-0.39684790,0.52629101,0.33429983,0.90892446,0.41696078,0.00000000,0.00000000,0.00000000,0.00000000,1.00000000,0.00000000,0.00000000,0.00000000,0.800000,0.100000,0.100000,LONG,6.000000,12.000000,72.000000,6.000000,12.000000,72.000000,LONG,0,0.000000,0.000000,0.000000,0.000000,72,1,,0.371667,6,0.011333,2.66476064,1.48322230,adaptive_quantile,0,0,0.1.4,1.0,0.1.2,0.1.0q,0.1.0,0.1.0,0.1.0,0.1
2025.07.22 06:35,US100,PERIOD_M5,Bid,23194.33000000,23194.33000000,23183.45000000,23191.58000000,140.00,4.50928571,56.926731,0.00019444,4,0,0,0,-0.00014530,-0.00025308,-0.00094817,2.41279888,-0.60985267,0.49448529,-2.91528702,-3.98267245,-0.30687231,-0.45462570,0.56926733,0.31047046,0.91021961,0.41412595,0.00000000,0.00000000,0.00000000,0.00000000,1.00000000,0.00000000,0.00000000,0.00000000,0.800000,0.100000,0.100000,LONG,6.000000,12.000000,72.000000,6.000000,12.000000,72.000000,LONG,0,0.000000,0.000000,0.000000,0.000000,72,1,,0.371667,6,0.011333,2.91528698,1.50004752,adaptive_quantile,0,0,0.1.4,1.0,0.1.2,0.1.0q,0.1.0,0.1.0,0.1.0,0.1
2025.07.22 06:40,US100,PERIOD_M5,Bid,23191.45000000,23191.58000000,23187.70000000,23190.95000000,140.00,4.53642857,60.651345,0.00019561,4,0,0,0,-0.00002717,-0.00020480,-0.00071683,0.85529840,-0.11021886,0.67525774,-2.74750829,-3.93702388,-0.28921139,-0.46494448,0.60651344,0.30861282,0.91150588,0.41128710,0.00000000,0.00000000,0.00000000,0.00000000,1.00000000,0.00000000,0.00000000,0.00000000,0.800000,0.100000,0.100000,LONG,6.000000,12.000000,72.000000,6.000000,12.000000,72.000000,LONG,0,0.000000,0.000000,0.000000,0.000000,72,1,,0.371667,6,0.011333,2.74750828,1.50933446,adaptive_quantile,0,0,0.1.4,1.0,0.1.2,0.1.0q,0.1.0,0.1.0,0.1.0,0.1
2025.07.22 06:45,US100,PERIOD_M5,Bid,23190.58000000,23191.33000000,23182.20000000,23186.70000000,140.00,5.01000000,64.262986,0.00021607,4,0,0,0,-0.00018328,-0.00035574,-0.00084065,1.82235527,-0.77445108,-0.01423877,-3.01837873,-4.24011326,-0.31772408,-0.52960372,0.64262986,0.27944112,0.91278327,0.40844426,0.00000000,0.00000000,0.00000000,0.00000000,1.00000000,0.00000000,0.00000000,0.00000000,0.800000,0.100000,0.100000,LONG,6.000000,12.000000,72.000000,6.000000,12.000000,72.000000,LONG,0,0.000000,0.000000,0.000000,0.000000,72,1,,0.371667,6,0.011333,3.01837873,1.58135270,adaptive_quantile,0,0,0.1.4,1.0,0.1.2,0.1.0q,0.1.0,0.1.0,0.1.0,0.1
2025.07.22 06:50,US100,PERIOD_M5,Bid,23186.45000000,23191.95000000,23185.33000000,23191.83000000,140.00,4.97357143,66.567755,0.00021445,4,0,0,0,0.00022122,0.00001078,-0.00066251,1.33103549,1.08171761,0.96374625,-1.81769800,-3.11266994,-0.19133663,-0.32194164,0.66567755,0.28148785,0.91405183,0.40559745,0.00000000,0.00000000,0.00000000,0.00000000,1.00000000,0.00000000,0.00000000,0.00000000,0.800000,0.100000,0.100000,LONG,6.000000,12.000000,72.000000,6.000000,12.000000,72.000000,LONG,0,0.000000,0.000000,0.000000,0.000000,72,1,,0.371667,6,0.011333,1.81769804,1.62717519,adaptive_quantile,0,0,0.1.4,1.0,0.1.2,0.1.0q,0.1.0,0.1.0,0.1.0,0.1
2025.07.22 06:55,US100,PERIOD_M5,Bid,23191.83000000,23192.83000000,23188.83000000,23190.33000000,140.00,5.04500000,66.579463,0.00021755,4,0,0,0,-0.00006468,-0.00002673,-0.00075951,0.79286420,-0.29732409,-0.25000000,-1.89030695,-3.23392701,-0.19897968,-0.34974030,0.66579461,0.27750248,0.91531146,0.40274668,0.00000000,0.00000000,0.00000000,0.00000000,1.00000000,0.00000000,0.00000000,0.00000000,0.800000,0.100000,0.100000,LONG,6.000000,12.000000,72.000000,6.000000,12.000000,72.000000,LONG,0,0.000000,0.000000,0.000000,0.000000,72,1,,0.371667,6,0.011333,1.89030695,1.65296561,adaptive_quantile,0,0,0.1.4,1.0,0.1.2,0.1.0q,0.1.0,0.1.0,0.1.0,0.1
2025.07.22 07:00,US100,PERIOD_M5,Bid,23190.20000000,23191.20000000,23184.83000000,23185.20000000,140.00,5.28571429,67.535280,0.00022798,4,0,0,0,-0.00022124,-0.00006469,-0.00098075,1.20513511,-0.94594592,-0.88383043,-2.51049876,-3.89808702,-0.26426303,-0.43504640,0.67535281,0.26486486,0.91656226,0.39989203,0.00000000,0.00000000,0.00000000,0.00000000,1.00000000,0.00000000,0.00000000,0.00000000,0.800000,0.100000,0.100000,LONG,6.000000,12.000000,72.000000,6.000000,12.000000,72.000000,LONG,0,0.000000,0.000000,0.000000,0.000000,72,1,,0.371667,6,0.011333,2.51049885,1.72161702,adaptive_quantile,0,0,0.1.4,1.0,0.1.2,0.1.0q,0.1.0,0.1.0,0.1.0,0.1
2025.07.22 07:05,US100,PERIOD_M5,Bid,23185.20000000,23186.58000000,23184.20000000,23185.70000000,140.00,5.18785714,68.691835,0.00022375,4,0,0,0,0.00002157,-0.00026435,-0.00086783,0.45876360,0.09637891,0.26050422,-2.22704864,-3.72326660,-0.23442617,-0.41555437,0.68691838,0.26986095,0.91780412,0.39703348,0.00000000,0.00000000,0.00000000,0.00000000,1.00000000,0.00000000,0.00000000,0.00000000,0.800000,0.100000,0.100000,LONG,6.000000,12.000000,72.000000,6.000000,12.000000,72.000000,LONG,0,0.000000,0.000000,0.000000,0.000000,72,1,,0.371667,6,0.011333,2.22704863,1.73469890,adaptive_quantile,0,0,0.1.4,1.0,0.1.2,0.1.0q,0.1.0,0.1.0,0.1.0,0.1
2025.07.22 07:10,US100,PERIOD_M5,Bid,23185.58000000,23185.70000000,23176.45000000,23177.95000000,140.00,5.53571429,70.503301,0.00023884,4,0,0,0,-0.00033431,-0.00053399,-0.00101338,1.67096770,-1.37832260,-0.67567569,-3.15499854,-4.69756413,-0.33210513,-0.52357411,0.70503300,0.25290322,0.91903710,0.39417106,0.00000000,0.00000000,0.00000000,0.00000000,1.00000000,0.00000000,0.00000000,0.00000000,0.800000,0.100000,0.100000,LONG,6.000000,12.000000,72.000000,6.000000,12.000000,72.000000,LONG,0,0.000000,0.000000,0.000000,0.000000,72,1,,0.371667,6,0.011333,3.15499865,1.77227443,adaptive_quantile,0,0,0.1.4,1.0,0.1.2,0.1.0q,0.1.0,0.1.0,0.1.0,0.1
2025.07.22 07:15,US100,PERIOD_M5,Bid,23177.95000000,23178.58000000,23159.83000000,23164.95000000,140.00,6.65214286,72.634305,0.00028716,4,0,0,0,-0.00056104,-0.00087378,-0.00150976,2.81864071,-1.95425749,-0.45386666,-4.14358616,-5.63349152,-0.43616694,-0.64282596,0.72634304,0.21045850,0.92026114,0.39130482,0.00000000,0.00000000,0.00000000,0.00000000,1.00000000,0.00000000,0.00000000,0.00000000,0.800000,0.100000,0.100000,LONG,6.000000,12.000000,72.000000,6.000000,12.000000,72.000000,LONG,0,0.000000,0.000000,0.000000,0.000000,72,1,,0.371667,6,0.011333,4.14358603,1.77663422,adaptive_quantile,0,0,0.1.4,1.0,0.1.2,0.1.0q,0.1.0,0.1.0,0.1.0,0.1
2025.07.22 07:20,US100,PERIOD_M5,Bid,23164.83000000,23167.20000000,23159.20000000,23161.08000000,140.00,6.80357143,74.523991,0.00029375,4,0,0,0,-0.00016708,-0.00106243,-0.00156908,1.17585301,-0.55118108,-0.52999997,-4.18016291,-5.83861351,-0.44001716,-0.66935855,0.74523991,0.20577428,0.92147619,0.38843480,0.00000000,0.00000000,0.00000000,0.00000000,1.00000000,0.00000000,0.00000000,0.00000000,0.800000,0.100000,0.100000,LONG,6.000000,12.000000,72.000000,6.000000,12.000000,72.000000,LONG,0,0.000000,0.000000,0.000000,0.000000,72,1,,0.371667,6,0.011333,4.18016307,1.81769804,adaptive_quantile,0,0,0.1.4,1.0,0.1.2,0.1.0q,0.1.0,0.1.0,0.1.0,0.1
2025.07.22 07:25,US100,PERIOD_M5,Bid,23161.20000000,23167.95000000,23158.45000000,23164.58000000,140.00,7.25000000,76.161720,0.00031298,4,0,0,0,0.00015110,-0.00057701,-0.00134253,1.31034482,0.46620691,0.29052633,-3.11238575,-4.80039978,-0.32761955,-0.55672848,0.76161718,0.19310345,0.92268234,0.38556099,0.00000000,0.00000000,0.00000000,0.00000000,1.00000000,0.00000000,0.00000000,0.00000000,0.800000,0.100000,0.100000,LONG,6.000000,12.000000,72.000000,6.000000,12.000000,72.000000,LONG,0,0.000000,0.000000,0.000000,0.000000,72,1,,0.371667,6,0.011333,3.11238570,1.89030695,adaptive_quantile,0,0,0.1.4,1.0,0.1.2,0.1.0q,0.1.0,0.1.0,0.1.0,0.1
2025.07.22 07:30,US100,PERIOD_M5,Bid,23164.58000000,23171.58000000,23164.58000000,23167.70000000,140.00,7.49071429,73.286848,0.00032333,4,0,0,0,0.00013468,0.00011871,-0.00117552,0.93449032,0.41651568,-0.10857143,-2.34862924,-4.06375551,-0.24722414,-0.46203226,0.73286849,0.18689807,0.92387950,0.38268343,0.00000000,0.00000000,0.00000000,0.00000000,1.00000000,0.00000000,0.00000000,0.00000000,0.800000,0.100000,0.100000,LONG,6.000000,12.000000,72.000000,6.000000,12.000000,72.000000,LONG,0,0.000000,0.000000,0.000000,0.000000,72,1,,0.371667,6,0.011333,2.34862928,2.05696117,adaptive_quantile,0,0,0.1.4,1.0,0.1.2,0.1.0q,0.1.0,0.1.0,0.1.0,0.1
2025.07.22 07:35,US100,PERIOD_M5,Bid,23167.70000000,23169.83000000,23166.83000000,23168.70000000,140.00,7.41071429,70.795293,0.00031986,4,0,1,1,0.00004316,0.00032895,-0.00098705,0.40481928,0.13493976,0.24666667,-2.02580118,-3.81689334,-0.21324223,-0.43196580,0.70795292,0.18891567,0.92506772,0.37980217,0.00000000,0.00000000,0.00000000,0.00000000,1.00000000,0.00000000,0.00000000,1.00000000,0.800000,0.100000,0.100000,LONG,6.000000,12.000000,72.000000,6.000000,12.000000,72.000000,LONG,1,6.000000,12.000000,6.000000,12.000000,72,1,,0.371667,6,0.011333,2.02580117,2.22704863,adaptive_quantile,1,0,0.1.4,1.0,0.1.2,0.1.0q,0.1.0,0.1.0,0.1.0,0.1
2025.07.22 07:40,US100,PERIOD_M5,Bid,23168.70000000,23168.95000000,23163.33000000,23165.58000000,140.00,7.50000000,69.944016,0.00032376,4,0,1,1,-0.00013467,0.00004317,-0.00109456,0.74933332,-0.41600001,-0.19928825,-2.18742871,-4.02324009,-0.23025566,-0.46867895,0.69944018,0.18666667,0.92624694,0.37691721,0.00000000,0.00000000,0.00000000,0.00000000,1.00000000,0.00000000,0.00000000,1.00000000,0.800000,0.100000,0.100000,LONG,6.000000,12.000000,72.000000,6.000000,12.000000,72.000000,LONG,1,6.000000,12.000000,6.000000,12.000000,72,1,,0.371667,6,0.011333,2.18742883,2.22704863,adaptive_quantile,1,1,0.1.4,1.0,0.1.2,0.1.0q,0.1.0,0.1.0,0.1.0,0.1
2025.07.22 07:45,US100,PERIOD_M5,Bid,23165.70000000,23170.20000000,23163.33000000,23166.70000000,140.00,7.16928571,67.717775,0.00030947,4,0,1,1,0.00004835,-0.00004316,-0.00086294,0.95825446,0.13948391,-0.01892285,-1.92905319,-3.89368176,-0.20305823,-0.43287718,0.67717773,0.19527747,0.92741716,0.37402856,0.00000000,0.00000000,0.00000000,0.00000000,1.00000000,0.00000000,0.00000000,1.00000000,0.800000,0.100000,0.100000,LONG,6.000000,12.000000,72.000000,6.000000,12.000000,72.000000,LONG,1,6.000000,12.000000,6.000000,12.000000,72,1,,0.371667,6,0.011333,1.92905322,2.22704863,adaptive_quantile,1,2,0.1.4,1.0,0.1.2,0.1.0q,0.1.0,0.1.0,0.1.0,0.1
2025.07.22 07:50,US100,PERIOD_M5,Bid,23166.58000000,23166.83000000,23163.20000000,23164.58000000,140.00,7.15142857,65.883035,0.00030872,4,0,1,1,-0.00009151,-0.00017784,-0.00117567,0.50759089,-0.27966440,-0.23966943,-2.01790357,-4.03514862,-0.21241090,-0.45972419,0.65883034,0.19576508,0.92857838,0.37113631,0.00000000,0.00000000,0.00000000,0.00000000,1.00000000,0.00000000,0.00000000,1.00000000,0.800000,0.100000,0.100000,LONG,6.000000,12.000000,72.000000,6.000000,12.000000,72.000000,LONG,1,0.000000,0.000000,0.000000,0.000000,72,1,,0.371667,6,0.011333,2.01790345,2.22704863,adaptive_quantile,0,0,0.1.4,1.0,0.1.2,0.1.0q,0.1.0,0.1.0,0.1.0,0.1
2025.07.22 07:55,US100,PERIOD_M5,Bid,23164.58000000,23167.58000000,23162.20000000,23167.20000000,140.00,6.88357143,64.804704,0.00029713,4,0,1,1,0.00011310,0.00006993,-0.00099790,0.78157103,0.38061637,0.85873604,-1.55239844,-3.66207743,-0.16341037,-0.37320659,0.64804703,0.20338279,0.92973059,0.36824048,0.00000000,0.00000000,0.00000000,0.00000000,1.00000000,0.00000000,0.00000000,1.00000000,0.800000,0.100000,0.100000,LONG,6.000000,12.000000,72.000000,6.000000,12.000000,72.000000,LONG,1,6.000000,12.000000,6.000000,12.000000,72,1,,0.371667,6,0.011333,1.55239843,2.22704863,adaptive_quantile,1,0,0.1.4,1.0,0.1.2,0.1.0q,0.1.0,0.1.0,0.1.0,0.1
2025.07.22 08:00,US100,PERIOD_M5,Bid,23167.20000000,23167.33000000,23163.20000000,23164.95000000,140.00,6.70571429,63.870151,0.00028948,4,0,1,1,-0.00009712,-0.00007554,-0.00087378,0.61589265,-0.33553472,-0.15254237,-1.74538326,-3.93416429,-0.18372455,-0.40577883,0.63870150,0.20877716,0.93087375,0.36534104,0.00000000,0.00000000,0.00000000,0.00000000,1.00000000,0.00000000,0.00000000,1.00000000,0.800000,0.100000,0.100000,LONG,6.000000,12.000000,72.000000,6.000000,12.000000,72.000000,LONG,1,6.000000,12.000000,6.000000,12.000000,72,1,,0.371667,6,0.011333,1.74538322,2.22704863,adaptive_quantile,1,1,0.1.4,1.0,0.1.2,0.1.0q,0.1.0,0.1.0,0.1.0,0.1
2025.07.22 08:05,US100,PERIOD_M5,Bid,23165.08000000,23168.20000000,23161.33000000,23168.08000000,140.00,6.91071429,63.846952,0.00029829,4,0,1,1,0.00013511,0.00015108,-0.00076024,0.99410850,0.43410853,0.96506548,-1.12252736,-3.23259807,-0.11816078,-0.30424103,0.63846952,0.20258398,0.93200785,0.36243805,0.00000000,0.00000000,0.00000000,0.00000000,1.00000000,0.00000000,0.00000000,1.00000000,0.800000,0.100000,0.100000,LONG,6.000000,12.000000,72.000000,6.000000,12.000000,72.000000,LONG,1,6.000000,12.000000,6.000000,12.000000,72,1,,0.371667,6,0.011333,1.12252735,2.22704863,adaptive_quantile,1,2,0.1.4,1.0,0.1.2,0.1.0q,0.1.0,0.1.0,0.1.0,0.1
2025.07.22 08:10,US100,PERIOD_M5,Bid,23168.08000000,23169.83000000,23163.83000000,23165.33000000,140.00,6.88428571,60.800064,0.00029718,4,0,1,1,-0.00011870,-0.00008072,-0.00054463,0.87155014,-0.39946046,-0.50000000,-1.38093555,-3.50154805,-0.14536163,-0.34874848,0.60800064,0.20336169,0.93313295,0.35953152,0.00000000,0.00000000,0.00000000,0.00000000,1.00000000,0.00000000,0.00000000,1.00000000,0.800000,0.100000,0.100000,LONG,6.000000,12.000000,72.000000,6.000000,12.000000,72.000000,LONG,1,0.000000,0.000000,0.000000,0.000000,72,1,,0.371667,6,0.011333,1.38093554,2.22704863,adaptive_quantile,0,0,0.1.4,1.0,0.1.2,0.1.0q,0.1.0,0.1.0,0.1.0,0.1
2025.07.22 08:15,US100,PERIOD_M5,Bid,23165.20000000,23165.33000000,23159.95000000,23162.08000000,140.00,7.09857143,60.504965,0.00030647,4,0,1,1,-0.00014031,-0.00012390,-0.00012390,0.75789899,-0.43952507,-0.20817845,-1.62593639,-3.70255995,-0.17115121,-0.39777881,0.60504967,0.19722278,0.93424892,0.35662153,0.00000000,0.00000000,0.00000000,0.00000000,1.00000000,0.00000000,0.00000000,1.00000000,0.800000,0.100000,0.100000,LONG,6.000000,12.000000,72.000000,6.000000,12.000000,72.000000,LONG,1,6.000000,12.000000,6.000000,12.000000,72,1,,0.371667,6,0.011333,1.62593641,2.22704863,adaptive_quantile,1,0,0.1.4,1.0,0.1.2,0.1.0q,0.1.0,0.1.0,0.1.0,0.1
2025.07.22 08:20,US100,PERIOD_M5,Bid,23162.33000000,23165.95000000,23160.83000000,23164.95000000,140.00,6.80357143,59.094550,0.00029370,4,0,1,1,0.00012390,-0.00013511,0.00016708,0.75254595,0.38509187,0.60937500,-1.15320873,-3.30631256,-0.12139039,-0.30438757,0.59094548,0.20577428,0.93535584,0.35370806,0.00000000,0.00000000,0.00000000,0.00000000,1.00000000,0.00000000,0.00000000,1.00000000,0.800000,0.100000,0.100000,LONG,6.000000,12.000000,72.000000,6.000000,12.000000,72.000000,LONG,1,6.000000,12.000000,6.000000,12.000000,72,1,,0.371667,6,0.011333,1.15320868,2.22704863,adaptive_quantile,1,1,0.1.4,1.0,0.1.2,0.1.0q,0.1.0,0.1.0,0.1.0,0.1
2025.07.22 08:25,US100,PERIOD_M5,Bid,23164.95000000,23167.08000000,23162.08000000,23166.33000000,140.00,5.82142857,55.768807,0.00025129,4,0,1,1,0.00005957,0.00004317,0.00007554,0.85889572,0.23705521,0.69999999,-1.00493097,-3.48483276,-0.10578221,-0.26076767,0.55768806,0.24049079,0.93645370,0.35079116,0.00000000,0.00000000,0.00000000,0.00000000,1.00000000,0.00000000,0.00000000,1.00000000,0.800000,0.100000,0.100000,LONG,6.000000,12.000000,72.000000,6.000000,12.000000,72.000000,LONG,1,6.000000,12.000000,6.000000,12.000000,72,1,,0.371667,6,0.011333,1.00493100,2.22704863,adaptive_quantile,1,2,0.1.4,1.0,0.1.2,0.1.0q,0.1.0,0.1.0,0.1.0,0.1
2025.07.22 08:30,US100,PERIOD_M5,Bid,23166.33000000,23166.70000000,23163.08000000,23164.83000000,140.00,5.50857143,52.886497,0.00023780,4,0,1,1,-0.00006475,0.00011872,-0.00012389,0.65715766,-0.27230290,-0.03314917,-1.20723152,-3.79995537,-0.12707701,-0.28861475,0.52886498,0.25414938,0.93754244,0.34787086,0.00000000,0.00000000,0.00000000,0.00000000,1.00000000,0.00000000,0.00000000,1.00000000,0.800000,0.100000,0.100000,LONG,6.000000,12.000000,72.000000,6.000000,12.000000,72.000000,LONG,1,0.000000,0.000000,0.000000,0.000000,72,1,,0.371667,6,0.011333,1.20723156,2.22704863,adaptive_quantile,0,0,0.1.4,1.0,0.1.2,0.1.0q,0.1.0,0.1.0,0.1.0,0.1
2025.07.22 08:35,US100,PERIOD_M5,Bid,23164.95000000,23170.70000000,23164.58000000,23170.20000000,140.00,5.26714286,46.438625,0.00022732,4,0,1,1,0.00023179,0.00022661,0.00006474,1.16192031,0.99674535,0.83660132,-0.21989244,-2.83873796,-0.02314657,-0.12519838,0.46438625,0.26579875,0.93862212,0.34494719,0.00000000,0.00000000,0.00000000,0.00000000,1.00000000,0.00000000,0.00000000,1.00000000,0.800000,0.100000,0.100000,LONG,6.000000,12.000000,72.000000,6.000000,12.000000,72.000000,LONG,1,6.000000,12.000000,6.000000,12.000000,72,1,,0.371667,6,0.011333,0.21989245,2.22704863,adaptive_quantile,1,0,0.1.4,1.0,0.1.2,0.1.0q,0.1.0,0.1.0,0.1.0,0.1
2025.07.22 08:40,US100,PERIOD_M5,Bid,23170.70000000,23173.70000000,23166.83000000,23167.33000000,140.00,5.25785714,43.165371,0.00022695,4,0,1,1,-0.00012387,0.00004317,0.00007554,1.30661595,-0.64094549,-0.85443962,-0.69316572,-3.25667548,-0.07296481,-0.18470682,0.43165371,0.26626816,0.93969262,0.34202015,0.00000000,0.00000000,0.00000000,0.00000000,1.00000000,0.00000000,0.00000000,1.00000000,0.800000,0.100000,0.100000,LONG,6.000000,12.000000,72.000000,6.000000,12.000000,72.000000,LONG,1,6.000000,12.000000,6.000000,12.000000,72,1,,0.371667,6,0.011333,0.69316573,2.22704863,adaptive_quantile,1,1,0.1.4,1.0,0.1.2,0.1.0q,0.1.0,0.1.0,0.1.0,0.1
2025.07.22 08:45,US100,PERIOD_M5,Bid,23167.20000000,23173.45000000,23165.33000000,23172.58000000,140.00,5.62357143,39.003586,0.00024268,4,0,0,0,0.00022659,0.00033450,0.00025378,1.44392228,0.95668739,0.78571427,0.25829408,-2.02851892,0.02718885,-0.04470754,0.39003587,0.24895212,0.94075400,0.33908978,0.00000000,0.00000000,0.00000000,0.00000000,1.00000000,0.00000000,0.00000000,0.00000000,0.800000,0.100000,0.100000,LONG,6.000000,12.000000,72.000000,6.000000,12.000000,72.000000,LONG,0,6.000000,12.000000,6.000000,12.000000,72,1,,0.371667,6,0.011333,0.25829408,2.22704863,adaptive_quantile,1,2,0.1.4,1.0,0.1.2,0.1.0q,0.1.0,0.1.0,0.1.0,0.1
2025.07.22 08:50,US100,PERIOD_M5,Bid,23172.70000000,23176.95000000,23172.70000000,23174.20000000,140.00,5.53428571,38.797668,0.00023881,4,0,0,0,0.00006991,0.00017262,0.00041520,0.76794010,0.27103770,-0.29411766,0.50230742,-1.69917083,0.05287446,-0.00523256,0.38797668,0.25296852,0.94180626,0.33615613,0.00000000,0.00000000,0.00000000,0.00000000,1.00000000,0.00000000,0.00000000,0.00000000,0.800000,0.100000,0.100000,LONG,6.000000,12.000000,72.000000,6.000000,12.000000,72.000000,LONG,0,0.000000,0.000000,0.000000,0.000000,72,1,,0.371667,6,0.011333,0.50230742,2.22704863,adaptive_quantile,0,0,0.1.4,1.0,0.1.2,0.1.0q,0.1.0,0.1.0,0.1.0,0.1
2025.07.22 08:55,US100,PERIOD_M5,Bid,23174.20000000,23175.20000000,23172.70000000,23175.20000000,140.00,5.22214286,38.619206,0.00022533,4,0,0,0,0.00004315,0.00033964,0.00034526,0.47873068,0.19149227,1.00000000,0.65488845,-1.54613543,0.06893563,0.01939884,0.38619205,0.26808918,0.94284940,0.33321923,0.00000000,0.00000000,0.00000000,0.00000000,1.00000000,0.00000000,0.00000000,0.00000000,0.800000,0.100000,0.100000,LONG,6.000000,12.000000,72.000000,6.000000,12.000000,72.000000,LONG,0,0.000000,0.000000,0.000000,0.000000,72,1,,0.371667,6,0.011333,0.65488846,2.22704863,adaptive_quantile,0,0,0.1.4,1.0,0.1.2,0.1.0q,0.1.0,0.1.0,0.1.0,0.1
2025.07.22 09:00,US100,PERIOD_M5,Bid,23175.45000000,23176.70000000,23167.45000000,23167.58000000,140.00,5.62357143,34.530437,0.00024273,4,0,1,1,-0.00032885,-0.00021580,0.00011353,1.64486217,-1.39946651,-0.97189188,-0.67573988,-2.68133593,-0.07113051,-0.15126269,0.34530437,0.24895212,0.94388336,0.33027905,0.00000000,0.00000000,0.00000000,0.00000000,1.00000000,0.00000000,0.00000000,1.00000000,0.800000,0.100000,0.100000,LONG,6.000000,12.000000,72.000000,6.000000,12.000000,72.000000,LONG,1,6.000000,12.000000,6.000000,12.000000,72,1,,0.371667,6,0.011333,0.67573986,2.22704863,adaptive_quantile,1,0,0.1.4,1.0,0.1.2,0.1.0q,0.1.0,0.1.0,0.1.0,0.1
2025.07.22 09:05,US100,PERIOD_M5,Bid,23167.83000000,23175.95000000,23166.58000000,23173.70000000,140.00,5.90857143,30.426347,0.00025497,4,0,0,0,0.00026413,-0.00002158,0.00024255,1.58583176,0.99347198,0.51974386,0.35524374,-1.45675874,0.03739408,-0.00564406,0.30426347,0.23694390,0.94490808,0.32733569,0.00000000,0.00000000,0.00000000,0.00000000,1.00000000,0.00000000,0.00000000,0.00000000,0.800000,0.100000,0.100000,LONG,6.000000,12.000000,72.000000,6.000000,12.000000,72.000000,LONG,0,6.000000,12.000000,6.000000,12.000000,72,1,,0.371667,6,0.011333,0.35524374,2.22704863,adaptive_quantile,1,1,0.1.4,1.0,0.1.2,0.1.0q,0.1.0,0.1.0,0.1.0,0.1
2025.07.22 09:10,US100,PERIOD_M5,Bid,23173.83000000,23176.95000000,23173.20000000,23176.58000000,140.00,5.88142857,28.336235,0.00025377,2,0,0,0,0.00012427,0.00005954,0.00048552,0.63760018,0.46757346,0.80266666,0.76593536,-0.93561625,0.08062477,0.05493597,0.28336236,0.23803741,0.94592369,0.32438916,0.00000000,0.00000000,1.00000000,0.00000000,0.00000000,0.00000000,0.00000000,0.00000000,0.800000,0.100000,0.100000,LONG,6.000000,12.000000,72.000000,6.000000,12.000000,72.000000,LONG,0,6.000000,12.000000,6.000000,12.000000,72,1,,0.371667,6,0.011333,0.76593537,2.22704863,adaptive_quantile,1,2,0.1.4,1.0,0.1.2,0.1.0q,0.1.0,0.1.0,0.1.0,0.1
2025.07.22 09:15,US100,PERIOD_M5,Bid,23176.58000000,23176.95000000,23172.45000000,23174.20000000,140.00,5.71214286,25.359754,0.00024649,2,0,0,0,-0.00010270,0.00028570,0.00052313,0.78779542,-0.41665626,-0.22222222,0.33655196,-1.32588291,0.03542652,0.00125750,0.25359753,0.24509192,0.94693011,0.32143947,0.00000000,0.00000000,1.00000000,0.00000000,0.00000000,0.00000000,0.00000000,0.00000000,0.800000,0.100000,0.100000,LONG,6.000000,12.000000,72.000000,6.000000,12.000000,72.000000,LONG,0,0.000000,0.000000,0.000000,0.000000,72,1,,0.371667,6,0.011333,0.33655195,2.22704863,adaptive_quantile,0,0,0.1.4,1.0,0.1.2,0.1.0q,0.1.0,0.1.0,0.1.0,0.1
2025.07.22 09:20,US100,PERIOD_M5,Bid,23174.33000000,23178.20000000,23173.58000000,23176.83000000,140.00,5.61357143,24.344438,0.00024221,2,0,0,0,0.00011348,0.00013506,0.00051271,0.82300550,0.44534928,0.40692639,0.73373395,-0.84612167,0.07723515,0.05828161,0.24344438,0.24939559,0.94792736,0.31848666,0.00000000,0.00000000,1.00000000,0.00000000,0.00000000,0.00000000,0.00000000,0.00000000,0.800000,0.100000,0.100000,LONG,6.000000,12.000000,72.000000,6.000000,12.000000,72.000000,LONG,0,0.000000,0.000000,0.000000,0.000000,72,1,,0.371667,6,0.011333,0.73373392,2.22704863,adaptive_quantile,0,0,0.1.4,1.0,0.1.2,0.1.0q,0.1.0,0.1.0,0.1.0,0.1
2025.07.22 09:25,US100,PERIOD_M5,Bid,23176.83000000,23180.20000000,23174.33000000,23174.33000000,140.00,5.64857143,25.148322,0.00024374,2,0,0,0,-0.00010787,-0.00009709,0.00034527,1.03920078,-0.44258979,-1.00000000,0.25930271,-1.23313653,0.02729502,-0.00015775,0.25148323,0.24785028,0.94891536,0.31553075,0.00000000,0.00000000,1.00000000,0.00000000,0.00000000,0.00000000,0.00000000,0.00000000,0.800000,0.100000,0.100000,LONG,6.000000,12.000000,72.000000,6.000000,12.000000,72.000000,LONG,0,0.000000,0.000000,0.000000,0.000000,72,1,,0.371667,6,0.011333,0.25930271,2.22704863,adaptive_quantile,0,0,0.1.4,1.0,0.1.2,0.1.0q,0.1.0,0.1.0,0.1.0,0.1
2025.07.22 09:30,US100,PERIOD_M5,Bid,23174.33000000,23177.08000000,23171.20000000,23175.83000000,140.00,5.70285714,22.076822,0.00024607,2,0,0,0,0.00006472,0.00007033,0.00047475,1.03106213,0.26302606,0.57482994,0.47034994,-0.92078900,0.04951052,0.03429965,0.22076821,0.24549098,0.94989413,0.31257176,0.00000000,0.00000000,1.00000000,0.00000000,0.00000000,0.00000000,0.00000000,0.00000000,0.800000,0.100000,0.100000,LONG,6.000000,12.000000,72.000000,6.000000,12.000000,72.000000,LONG,0,0.000000,0.000000,0.000000,0.000000,72,1,,0.371667,6,0.011333,0.47034993,2.22704863,adaptive_quantile,0,0,0.1.4,1.0,0.1.2,0.1.0q,0.1.0,0.1.0,0.1.0,0.1
2025.07.22 09:35,US100,PERIOD_M5,Bid,23175.83000000,23178.20000000,23174.08000000,23174.58000000,140.00,5.64000000,20.893175,0.00024337,2,0,0,0,-0.00005394,-0.00009708,0.00018902,0.73049647,-0.22163120,-0.75728154,0.22977398,-1.10747910,0.02418674,0.00327982,0.20893174,0.24822696,0.95086372,0.30960977,0.00000000,0.00000000,1.00000000,0.00000000,0.00000000,0.00000000,0.00000000,0.00000000,0.800000,0.100000,0.100000,LONG,6.000000,12.000000,72.000000,6.000000,12.000000,72.000000,LONG,0,0.000000,0.000000,0.000000,0.000000,72,1,,0.371667,6,0.011333,0.22977399,2.22704863,adaptive_quantile,0,0,0.1.4,1.0,0.1.2,0.1.0q,0.1.0,0.1.0,0.1.0,0.1
2025.07.22 09:40,US100,PERIOD_M5,Bid,23174.95000000,23179.45000000,23174.95000000,23179.33000000,140.00,5.72928571,21.138612,0.00024717,2,0,0,0,0.00020494,0.00021573,0.00051784,0.78543824,0.76449323,0.94666666,0.95476526,-0.25090531,0.10050160,0.11223758,0.21138611,0.24435855,0.95182407,0.30664474,0.00000000,0.00000000,1.00000000,0.00000000,0.00000000,0.00000000,0.00000000,0.00000000,0.800000,0.100000,0.100000,LONG,6.000000,12.000000,72.000000,6.000000,12.000000,72.000000,LONG,0,0.000000,0.000000,0.000000,0.000000,72,1,,0.371667,6,0.011333,0.95476525,2.22704863,adaptive_quantile,0,0,0.1.4,1.0,0.1.2,0.1.0q,0.1.0,0.1.0,0.1.0,0.1
2025.07.22 09:45,US100,PERIOD_M5,Bid,23179.33000000,23179.83000000,23174.45000000,23176.20000000,140.00,5.67642857,20.633288,0.00024492,2,0,0,0,-0.00013504,0.00001596,0.00015621,0.94777906,-0.55140305,-0.34944239,0.37299052,-0.77309000,0.03926216,0.03216746,0.20633288,0.24663395,0.95277512,0.30367675,0.00000000,0.00000000,1.00000000,0.00000000,0.00000000,0.00000000,0.00000000,0.00000000,0.800000,0.100000,0.100000,LONG,6.000000,12.000000,72.000000,6.000000,12.000000,72.000000,LONG,0,0.000000,0.000000,0.000000,0.000000,72,1,,0.371667,6,0.011333,0.37299052,2.22704863,adaptive_quantile,0,0,0.1.4,1.0,0.1.2,0.1.0q,0.1.0,0.1.0,0.1.0,0.1
2025.07.22 09:50,US100,PERIOD_M5,Bid,23176.20000000,23180.20000000,23176.08000000,23176.83000000,140.00,5.48000000,20.709329,0.00023644,2,0,0,0,0.00002718,0.00009708,0.00011348,0.75182480,0.11496350,-0.63592231,0.45357862,-0.65894204,0.04774512,0.04703809,0.20709328,0.25547445,0.95371693,0.30070579,0.00000000,0.00000000,1.00000000,0.00000000,0.00000000,0.00000000,0.00000000,0.00000000,0.800000,0.100000,0.100000,LONG,6.000000,12.000000,72.000000,6.000000,12.000000,72.000000,LONG,0,0.000000,0.000000,0.000000,0.000000,72,1,,0.371667,6,0.011333,0.45357861,2.22704863,adaptive_quantile,0,0,0.1.4,1.0,0.1.2,0.1.0q,0.1.0,0.1.0,0.1.0,0.1
2025.07.22 09:55,US100,PERIOD_M5,Bid,23176.83000000,23179.08000000,23174.33000000,23175.20000000,140.00,5.23928571,18.043546,0.00022607,0,0,0,0,-0.00007033,-0.00017819,0.00000000,0.90661216,-0.31111112,-0.63368422,0.14775375,-0.96109915,0.01555303,0.00405303,0.18043546,0.26721200,0.95464951,0.29773194,1.00000000,0.00000000,0.00000000,0.00000000,0.00000000,0.00000000,0.00000000,0.00000000,0.800000,0.100000,0.100000,LONG,6.000000,12.000000,72.000000,6.000000,12.000000,72.000000,LONG,0,0.000000,0.000000,0.000000,0.000000,72,1,,0.371667,6,0.011333,0.14775374,2.22704863,adaptive_quantile,0,0,0.1.4,1.0,0.1.2,0.1.0q,0.1.0,0.1.0,0.1.0,0.1
2025.07.22 10:00,US100,PERIOD_M5,Bid,23174.83000000,23186.20000000,23171.20000000,23186.20000000,140.00,5.99857143,18.387627,0.00025871,0,0,1,1,0.00047453,0.00043138,0.00080339,2.50059533,1.89545131,1.00000000,1.77588594,0.95533150,0.18693537,0.23292096,0.18387628,0.23338890,0.95557278,0.29475516,1.00000000,0.00000000,0.00000000,0.00000000,0.00000000,0.00000000,0.00000000,1.00000000,0.800000,0.100000,0.100000,LONG,6.000000,12.000000,72.000000,6.000000,12.000000,72.000000,LONG,1,6.000000,12.000000,6.000000,12.000000,72,1,,0.371667,6,0.011333,1.77588598,2.22704863,adaptive_quantile,1,0,0.1.4,1.0,0.1.2,0.1.0q,0.1.0,0.1.0,0.1.0,0.1
2025.07.22 10:05,US100,PERIOD_M5,Bid,23186.20000000,23201.33000000,23183.95000000,23187.95000000,140.00,7.06142857,21.962188,0.00030453,2,0,0,0,0.00007547,0.00047967,0.00061473,2.46125841,0.24782521,-0.53970081,1.58913481,1.01782048,0.16727735,0.26197779,0.21962188,0.19826017,0.95648682,0.29177555,0.00000000,0.00000000,1.00000000,0.00000000,0.00000000,0.00000000,0.00000000,0.00000000,0.800000,0.100000,0.100000,LONG,6.000000,12.000000,72.000000,6.000000,12.000000,72.000000,LONG,0,6.000000,12.000000,6.000000,12.000000,72,1,,0.371667,6,0.011333,1.58913480,2.22704863,adaptive_quantile,1,1,0.1.4,1.0,0.1.2,0.1.0q,0.1.0,0.1.0,0.1.0,0.1
2025.07.22 10:10,US100,PERIOD_M5,Bid,23188.08000000,23207.45000000,23185.70000000,23194.95000000,140.00,7.95428571,25.816463,0.00034293,2,0,0,0,0.00030184,0.00085184,0.00079230,2.73437500,0.86368537,-0.14942528,2.07261539,1.71365523,0.21817005,0.36551040,0.25816461,0.17600575,0.95739156,0.28879309,0.00000000,0.00000000,1.00000000,0.00000000,0.00000000,0.00000000,0.00000000,0.00000000,0.800000,0.100000,0.100000,LONG,6.000000,12.000000,72.000000,6.000000,12.000000,72.000000,LONG,0,6.000000,12.000000,6.000000,12.000000,72,1,,0.371667,6,0.011333,2.07261539,2.22704863,adaptive_quantile,1,2,0.1.4,1.0,0.1.2,0.1.0q,0.1.0,0.1.0,0.1.0,0.1
2025.07.22 10:15,US100,PERIOD_M5,Bid,23194.95000000,23201.95000000,23193.20000000,23200.33000000,140.00,7.91000000,29.156835,0.00034094,2,0,0,0,0.00023192,0.00060923,0.00112691,1.10619473,0.68015170,0.62971431,2.50109768,2.30915022,0.26327345,0.43151796,0.29156834,0.17699115,0.95828694,0.28580785,0.00000000,0.00000000,1.00000000,0.00000000,0.00000000,0.00000000,0.00000000,0.00000000,0.800000,0.100000,0.100000,LONG,6.000000,12.000000,72.000000,6.000000,12.000000,72.000000,LONG,0,0.000000,0.000000,0.000000,0.000000,72,1,,0.371667,6,0.011333,2.50109762,2.22704863,adaptive_quantile,0,0,0.1.4,1.0,0.1.2,0.1.0q,0.1.0,0.1.0,0.1.0,0.1
2025.07.22 10:20,US100,PERIOD_M5,Bid,23200.33000000,23201.70000000,23197.08000000,23200.20000000,140.00,7.97214286,32.051823,0.00034362,4,0,0,0,-0.00000560,0.00052815,0.00100783,0.57951796,-0.01630678,0.35064936,2.23050475,2.18563390,0.23478998,0.42765304,0.32051823,0.17561151,0.95917308,0.28281981,0.00000000,0.00000000,0.00000000,0.00000000,1.00000000,0.00000000,0.00000000,0.00000000,0.800000,0.100000,0.100000,LONG,6.000000,12.000000,72.000000,6.000000,12.000000,72.000000,LONG,0,0.000000,0.000000,0.000000,0.000000,72,1,,0.371667,6,0.011333,2.23050480,2.34862928,adaptive_quantile,0,0,0.1.4,1.0,0.1.2,0.1.0q,0.1.0,0.1.0,0.1.0,0.1
2025.07.22 10:25,US100,PERIOD_M5,Bid,23200.20000000,23208.58000000,23199.70000000,23205.45000000,140.00,8.28500000,36.555521,0.00035703,4,0,0,0,0.00022627,0.00045258,0.00134196,1.07181656,0.63367534,0.29504505,2.51519465,2.62945104,0.26475734,0.48779595,0.36555520,0.16898009,0.96004987,0.27982903,0.00000000,0.00000000,0.00000000,0.00000000,1.00000000,0.00000000,0.00000000,0.00000000,0.800000,0.100000,0.100000,LONG,6.000000,12.000000,72.000000,6.000000,12.000000,72.000000,LONG,0,0.000000,0.000000,0.000000,0.000000,72,1,,0.371667,6,0.011333,2.51519473,2.34862928,adaptive_quantile,0,0,0.1.4,1.0,0.1.2,0.1.0q,0.1.0,0.1.0,0.1.0,0.1
2025.07.22 10:30,US100,PERIOD_M5,Bid,23205.33000000,23207.45000000,23201.20000000,23202.45000000,140.00,8.40142857,40.458725,0.00036209,4,1,0,1,-0.00012929,0.00009137,0.00114795,0.74392110,-0.34279883,-0.60000002,1.92104161,2.14824605,0.20221491,0.39743063,0.40458724,0.16663833,0.96091729,0.27683550,0.00000000,0.00000000,0.00000000,0.00000000,1.00000000,0.00000000,1.00000000,0.00000000,0.800000,0.100000,0.100000,LONG,6.000000,12.000000,72.000000,6.000000,12.000000,72.000000,LONG,0,6.000000,12.000000,6.000000,12.000000,72,1,,0.371667,6,0.011333,1.92104165,2.41809580,adaptive_quantile,1,0,0.1.4,1.0,0.1.2,0.1.0q,0.1.0,0.1.0,0.1.0,0.1
2025.07.22 10:35,US100,PERIOD_M5,Bid,23202.45000000,23206.58000000,23201.20000000,23205.58000000,140.00,8.36642857,43.841502,0.00036054,4,1,0,1,0.00013489,0.00023187,0.00133678,0.64304620,0.37411425,0.62825280,2.08384061,2.43207860,0.21935165,0.43592548,0.43841502,0.16733544,0.96177548,0.27383932,0.00000000,0.00000000,0.00000000,0.00000000,1.00000000,0.00000000,1.00000000,0.00000000,0.800000,0.100000,0.100000,LONG,6.000000,12.000000,72.000000,6.000000,12.000000,72.000000,LONG,0,6.000000,12.000000,6.000000,12.000000,72,1,,0.371667,6,0.011333,2.08384069,2.41809580,adaptive_quantile,1,1,0.1.4,1.0,0.1.2,0.1.0q,0.1.0,0.1.0,0.1.0,0.1
2025.07.22 10:40,US100,PERIOD_M5,Bid,23205.58000000,23207.95000000,23194.95000000,23197.20000000,140.00,8.87500000,41.799145,0.00038259,4,1,0,1,-0.00036119,-0.00035558,0.00077065,1.46478868,-0.94422537,-0.65384614,0.92304111,1.29560411,0.09716222,0.21257424,0.41799146,0.15774648,0.96262425,0.27084047,0.00000000,0.00000000,0.00000000,0.00000000,1.00000000,0.00000000,1.00000000,0.00000000,0.800000,0.100000,0.100000,LONG,6.000000,12.000000,72.000000,6.000000,12.000000,72.000000,LONG,0,6.000000,12.000000,6.000000,12.000000,72,1,,0.371667,6,0.011333,0.92304108,2.41809580,adaptive_quantile,1,2,0.1.4,1.0,0.1.2,0.1.0q,0.1.0,0.1.0,0.1.0,0.1
2025.07.22 10:45,US100,PERIOD_M5,Bid,23197.20000000,23198.08000000,23188.33000000,23188.95000000,140.00,9.27714286,37.019628,0.00040007,4,0,0,0,-0.00035571,-0.00058200,0.00054998,1.05097008,-0.88928241,-0.87282050,-0.00565752,0.33642846,-0.00059553,0.04091530,0.37019628,0.15090853,0.96346366,0.26783898,0.00000000,0.00000000,0.00000000,0.00000000,1.00000000,0.00000000,0.00000000,0.00000000,0.800000,0.100000,0.100000,LONG,6.000000,12.000000,72.000000,6.000000,12.000000,72.000000,LONG,0,0.000000,0.000000,0.000000,0.000000,72,1,,0.371667,6,0.011333,0.00565752,2.41809580,adaptive_quantile,0,0,0.1.4,1.0,0.1.2,0.1.0q,0.1.0,0.1.0,0.1.0,0.1
2025.07.22 10:50,US100,PERIOD_M5,Bid,23188.95000000,23190.20000000,23177.20000000,23178.45000000,140.00,9.85785714,36.397572,0.00042530,4,0,0,0,-0.00045290,-0.00116980,0.00006989,1.31874502,-1.06514025,-0.80769229,-0.96851546,-0.71917617,-0.10194899,-0.12823656,0.36397573,0.14201869,0.96429378,0.26483491,0.00000000,0.00000000,0.00000000,0.00000000,1.00000000,0.00000000,0.00000000,0.00000000,0.800000,0.100000,0.100000,LONG,6.000000,12.000000,72.000000,6.000000,12.000000,72.000000,LONG,0,0.000000,0.000000,0.000000,0.000000,72,1,,0.371667,6,0.011333,0.96851545,2.41809580,adaptive_quantile,0,0,0.1.4,1.0,0.1.2,0.1.0q,0.1.0,0.1.0,0.1.0,0.1
2025.07.22 10:55,US100,PERIOD_M5,Bid,23178.45000000,23178.70000000,23145.70000000,23165.58000000,140.00,11.83071429,38.251506,0.00051070,5,0,0,0,-0.00055541,-0.00136403,-0.00041519,2.78934979,-1.08784640,0.20484848,-1.71439254,-1.62093425,-0.18046238,-0.28220618,0.38251504,0.11833605,0.96511447,0.26182824,0.00000000,0.00000000,0.00000000,0.00000000,0.00000000,1.00000000,0.00000000,0.00000000,0.800000,0.100000,0.100000,LONG,6.000000,12.000000,72.000000,6.000000,12.000000,72.000000,LONG,0,0.000000,0.000000,0.000000,0.000000,72,1,,0.371667,6,0.011333,1.71439253,2.41809580,adaptive_quantile,0,0,0.1.4,1.0,0.1.2,0.1.0q,0.1.0,0.1.0,0.1.0,0.1
2025.07.22 11:00,US100,PERIOD_M5,Bid,23165.58000000,23170.20000000,23138.33000000,23166.83000000,140.00,13.81285714,40.315772,0.00059623,5,0,1,1,0.00005396,-0.00095436,-0.00083576,2.30727077,0.09049540,0.78851587,-1.24665523,-1.24693954,-0.13122687,-0.25894880,0.40315771,0.10135484,0.96592581,0.25881904,0.00000000,0.00000000,0.00000000,0.00000000,0.00000000,1.00000000,0.00000000,1.00000000,0.800000,0.100000,0.100000,LONG,6.000000,12.000000,72.000000,6.000000,12.000000,72.000000,LONG,1,6.000000,12.000000,6.000000,12.000000,72,1,,0.371667,6,0.011333,1.24665521,2.41809580,adaptive_quantile,1,0,0.1.4,1.0,0.1.2,0.1.0q,0.1.0,0.1.0,0.1.0,0.1
2025.07.22 11:05,US100,PERIOD_M5,Bid,23167.08000000,23177.45000000,23165.45000000,23170.58000000,140.00,14.33071429,38.573410,0.00061849,5,0,1,1,0.00016186,-0.00033960,-0.00074938,0.83736229,0.24423067,-0.14500000,-0.85041296,-0.90333343,-0.08951715,-0.18925659,0.38573408,0.09769227,0.96672779,0.25580734,0.00000000,0.00000000,0.00000000,0.00000000,0.00000000,1.00000000,0.00000000,1.00000000,0.800000,0.100000,0.100000,LONG,6.000000,12.000000,72.000000,6.000000,12.000000,72.000000,LONG,1,6.000000,12.000000,6.000000,12.000000,72,1,,0.371667,6,0.011333,0.85041298,2.41809580,adaptive_quantile,1,1,0.1.4,1.0,0.1.2,0.1.0q,0.1.0,0.1.0,0.1.0,0.1
2025.07.22 11:10,US100,PERIOD_M5,Bid,23170.20000000,23175.08000000,23168.58000000,23173.08000000,140.00,13.72357143,37.063362,0.00059222,5,0,1,1,0.00010789,0.00032370,-0.00094332,0.47363764,0.20985791,0.38461539,-0.63864219,-0.73128116,-0.06722549,-0.14379771,0.37063363,0.10201426,0.96752036,0.25279313,0.00000000,0.00000000,0.00000000,0.00000000,0.00000000,1.00000000,0.00000000,1.00000000,0.800000,0.100000,0.100000,LONG,6.000000,12.000000,72.000000,6.000000,12.000000,72.000000,LONG,1,6.000000,12.000000,6.000000,12.000000,72,1,,0.371667,6,0.011333,0.63864218,2.41809580,adaptive_quantile,1,2,0.1.4,1.0,0.1.2,0.1.0q,0.1.0,0.1.0,0.1.0,0.1
2025.07.22 11:15,US100,PERIOD_M5,Bid,23172.95000000,23175.95000000,23169.95000000,23170.20000000,140.00,12.91071429,34.869409,0.00055721,5,0,1,1,-0.00012429,0.00014546,-0.00129953,0.46473029,-0.21300139,-0.91666669,-0.81602430,-0.96116197,-0.08589729,-0.18256229,0.34869409,0.10843707,0.96830350,0.24977648,0.00000000,0.00000000,0.00000000,0.00000000,0.00000000,1.00000000,0.00000000,1.00000000,0.800000,0.100000,0.100000,LONG,6.000000,12.000000,72.000000,6.000000,12.000000,72.000000,LONG,1,0.000000,0.000000,0.000000,0.000000,72,1,,0.371667,6,0.011333,0.81602427,2.41809580,adaptive_quantile,0,0,0.1.4,1.0,0.1.2,0.1.0q,0.1.0,0.1.0,0.1.0,0.1
2025.07.22 11:20,US100,PERIOD_M5,Bid,23170.20000000,23171.45000000,23145.45000000,23145.70000000,140.00,13.21428571,35.944819,0.00057092,5,0,1,1,-0.00105795,-0.00107435,-0.00235188,1.96756756,-1.85405409,-0.98076922,-2.39882398,-2.68360066,-0.25250781,-0.42221534,0.35944819,0.10594594,0.96907729,0.24675740,0.00000000,0.00000000,0.00000000,0.00000000,0.00000000,1.00000000,0.00000000,1.00000000,0.800000,0.100000,0.100000,LONG,6.000000,12.000000,72.000000,6.000000,12.000000,72.000000,LONG,1,6.000000,12.000000,6.000000,12.000000,72,1,,0.371667,6,0.011333,2.39882403,2.41809580,adaptive_quantile,0,0,0.1.4,1.0,0.1.2,0.1.0q,0.1.0,0.1.0,0.1.0,0.1
2025.07.22 11:25,US100,PERIOD_M5,Bid,23145.70000000,23154.33000000,23144.08000000,23148.83000000,140.00,13.32142857,37.211622,0.00057547,5,0,1,1,0.00013522,-0.00104702,-0.00244293,0.76943702,0.23495978,-0.07317073,-1.94032598,-2.33187819,-0.20424484,-0.36707330,0.37211624,0.10509384,0.96984166,0.24373592,0.00000000,0.00000000,0.00000000,0.00000000,0.00000000,1.00000000,0.00000000,1.00000000,0.800000,0.100000,0.100000,LONG,6.000000,12.000000,72.000000,6.000000,12.000000,72.000000,LONG,1,6.000000,12.000000,6.000000,12.000000,72,1,,0.371667,6,0.011333,1.94032592,2.41809580,adaptive_quantile,1,0,0.1.4,1.0,0.1.2,0.1.0q,0.1.0,0.1.0,0.1.0,0.1
2025.07.22 11:30,US100,PERIOD_M5,Bid,23148.83000000,23155.20000000,23145.70000000,23151.20000000,140.00,13.67000000,37.657606,0.00059047,5,0,1,1,0.00010238,-0.00082036,-0.00221126,0.69495243,0.17337234,0.15789473,-1.55390799,-2.01672983,-0.16356926,-0.32517657,0.37657607,0.10241404,0.97059655,0.24071208,0.00000000,0.00000000,0.00000000,0.00000000,0.00000000,1.00000000,0.00000000,1.00000000,0.800000,0.100000,0.100000,LONG,6.000000,12.000000,72.000000,6.000000,12.000000,72.000000,LONG,1,6.000000,12.000000,6.000000,12.000000,72,1,,0.371667,6,0.011333,1.55390793,2.41809580,adaptive_quantile,1,1,0.1.4,1.0,0.1.2,0.1.0q,0.1.0,0.1.0,0.1.0,0.1
2025.07.22 11:35,US100,PERIOD_M5,Bid,23151.08000000,23153.20000000,23145.33000000,23147.58000000,140.00,13.59785714,38.198867,0.00058744,5,0,1,1,-0.00015638,0.00008122,-0.00250253,0.57876766,-0.25739351,-0.42820838,-1.65424001,-2.20370078,-0.17413053,-0.35756305,0.38198867,0.10295740,0.97134209,0.23768589,0.00000000,0.00000000,0.00000000,0.00000000,0.00000000,1.00000000,0.00000000,1.00000000,0.800000,0.100000,0.100000,LONG,6.000000,12.000000,72.000000,6.000000,12.000000,72.000000,LONG,1,6.000000,12.000000,6.000000,12.000000,72,1,,0.371667,6,0.011333,1.65424001,2.39882403,adaptive_quantile,1,2,0.1.4,1.0,0.1.2,0.1.0q,0.1.0,0.1.0,0.1.0,0.1
2025.07.22 11:40,US100,PERIOD_M5,Bid,23147.45000000,23148.08000000,23140.83000000,23142.20000000,140.00,13.66928571,40.449366,0.00059066,5,0,1,1,-0.00023245,-0.00028645,-0.00237379,0.53038615,-0.38407275,-0.62206894,-1.84497142,-2.48436594,-0.19420752,-0.40339014,0.40449366,0.10241940,0.97207814,0.23465741,0.00000000,0.00000000,0.00000000,0.00000000,0.00000000,1.00000000,0.00000000,1.00000000,0.800000,0.100000,0.100000,LONG,6.000000,12.000000,72.000000,6.000000,12.000000,72.000000,LONG,1,0.000000,0.000000,0.000000,0.000000,72,1,,0.371667,6,0.011333,1.84497141,2.34862928,adaptive_quantile,0,0,0.1.4,1.0,0.1.2,0.1.0q,0.1.0,0.1.0,0.1.0,0.1
2025.07.22 11:45,US100,PERIOD_M5,Bid,23142.20000000,23147.83000000,23134.08000000,23146.33000000,140.00,14.26714286,43.436040,0.00061639,5,0,1,1,0.00017845,-0.00021038,-0.00183964,0.96375287,0.28947631,0.78181821,-1.33740330,-2.00879192,-0.14077929,-0.32523844,0.43436041,0.09812757,0.97280478,0.23162663,0.00000000,0.00000000,0.00000000,0.00000000,0.00000000,1.00000000,0.00000000,1.00000000,0.800000,0.100000,0.100000,LONG,6.000000,12.000000,72.000000,6.000000,12.000000,72.000000,LONG,1,6.000000,12.000000,6.000000,12.000000,72,1,,0.371667,6,0.011333,1.33740324,2.23050480,adaptive_quantile,1,0,0.1.4,1.0,0.1.2,0.1.0q,0.1.0,0.1.0,0.1.0,0.1
2025.07.22 11:50,US100,PERIOD_M5,Bid,23146.08000000,23151.08000000,23141.70000000,23143.45000000,140.00,14.00857143,43.343055,0.00060529,5,0,1,1,-0.00012443,-0.00017844,-0.00151116,0.66959006,-0.18774220,-0.62686568,-1.41837490,-2.16316628,-0.14930263,-0.35232443,0.43343055,0.09993881,0.97352195,0.22859360,0.00000000,0.00000000,0.00000000,0.00000000,0.00000000,1.00000000,0.00000000,1.00000000,0.800000,0.100000,0.100000,LONG,6.000000,12.000000,72.000000,6.000000,12.000000,72.000000,LONG,1,6.000000,12.000000,6.000000,12.000000,72,1,,0.371667,6,0.011333,1.41837494,2.22704863,adaptive_quantile,1,1,0.1.4,1.0,0.1.2,0.1.0q,0.1.0,0.1.0,0.1.0,0.1
2025.07.22 11:55,US100,PERIOD_M5,Bid,23143.45000000,23143.95000000,23133.08000000,23137.83000000,140.00,14.08857143,45.140066,0.00060890,5,0,1,1,-0.00024286,-0.00018885,-0.00119862,0.77154738,-0.39890489,-0.12603496,-1.63691854,-2.44979620,-0.17230722,-0.40271020,0.45140067,0.09937132,0.97422963,0.22555837,0.00000000,0.00000000,0.00000000,0.00000000,0.00000000,1.00000000,0.00000000,1.00000000,0.800000,0.100000,0.100000,LONG,6.000000,12.000000,72.000000,6.000000,12.000000,72.000000,LONG,1,6.000000,12.000000,6.000000,12.000000,72,1,,0.371667,6,0.011333,1.63691856,2.18742883,adaptive_quantile,1,2,0.1.4,1.0,0.1.2,0.1.0q,0.1.0,0.1.0,0.1.0,0.1
2025.07.22 12:00,US100,PERIOD_M5,Bid,23137.70000000,23146.08000000,23130.58000000,23144.45000000,140.00,14.26714286,47.011619,0.00061644,5,0,1,1,0.00028607,-0.00008123,-0.00096650,1.08641231,0.47311506,0.78967744,-1.04267228,-1.87845898,-0.10975497,-0.27671587,0.47011620,0.09812757,0.97492790,0.22252093,0.00000000,0.00000000,0.00000000,0.00000000,0.00000000,1.00000000,0.00000000,1.00000000,0.800000,0.100000,0.100000,LONG,6.000000,12.000000,72.000000,6.000000,12.000000,72.000000,LONG,1,0.000000,0.000000,0.000000,0.000000,72,1,,0.371667,6,0.011333,1.04267227,2.08384069,adaptive_quantile,0,0,0.1.4,1.0,0.1.2,0.1.0q,0.1.0,0.1.0,0.1.0,0.1
2025.07.22 12:05,US100,PERIOD_M5,Bid,23144.45000000,23144.58000000,23138.95000000,23139.95000000,140.00,12.31214286,48.633631,0.00053207,5,0,1,1,-0.00019445,-0.00015124,-0.00132281,0.45727214,-0.36549282,-0.64476019,-1.42384839,-2.44253039,-0.14987879,-0.32134047,0.48633632,0.11370888,0.97561669,0.21948133,0.00000000,0.00000000,0.00000000,0.00000000,0.00000000,1.00000000,0.00000000,1.00000000,0.800000,0.100000,0.100000,LONG,6.000000,12.000000,72.000000,6.000000,12.000000,72.000000,LONG,1,6.000000,12.000000,6.000000,12.000000,72,1,,0.371667,6,0.011333,1.42384843,2.07261539,adaptive_quantile,1,0,0.1.4,1.0,0.1.2,0.1.0q,0.1.0,0.1.0,0.1.0,0.1
2025.07.22 12:10,US100,PERIOD_M5,Bid,23139.95000000,23142.45000000,23137.83000000,23138.95000000,140.00,10.36571429,50.575193,0.00044798,4,0,1,1,-0.00004322,0.00004840,-0.00147392,0.44570011,-0.09647188,-0.51515150,-1.61742866,-2.88009501,-0.17025565,-0.33121517,0.50575191,0.13506064,0.97629601,0.21643962,0.00000000,0.00000000,0.00000000,0.00000000,1.00000000,0.00000000,0.00000000,1.00000000,0.800000,0.100000,0.100000,LONG,6.000000,12.000000,72.000000,6.000000,12.000000,72.000000,LONG,1,6.000000,12.000000,6.000000,12.000000,72,1,,0.371667,6,0.011333,1.61742870,2.07261539,adaptive_quantile,1,1,0.1.4,1.0,0.1.2,0.1.0q,0.1.0,0.1.0,0.1.0,0.1
2025.07.22 12:15,US100,PERIOD_M5,Bid,23139.08000000,23147.45000000,23137.45000000,23143.70000000,140.00,10.22285714,48.127883,0.00044171,4,0,1,1,0.00020526,-0.00003241,-0.00114436,0.97820014,0.45192844,0.25000000,-1.06344450,-2.35939527,-0.11194153,-0.23899621,0.48127884,0.13694802,0.97696584,0.21339579,0.00000000,0.00000000,0.00000000,0.00000000,1.00000000,0.00000000,0.00000000,1.00000000,0.800000,0.100000,0.100000,LONG,6.000000,12.000000,72.000000,6.000000,12.000000,72.000000,LONG,1,6.000000,12.000000,6.000000,12.000000,72,1,,0.371667,6,0.011333,1.06344453,2.07261539,adaptive_quantile,1,2,0.1.4,1.0,0.1.2,0.1.0q,0.1.0,0.1.0,0.1.0,0.1
2025.07.22 12:20,US100,PERIOD_M5,Bid,23143.83000000,23145.20000000,23138.45000000,23141.95000000,140.00,10.24071429,46.006881,0.00044252,4,0,1,1,-0.00007562,0.00008643,-0.00016203,0.65913373,-0.18358095,0.03703704,-1.11509800,-2.42710233,-0.11737873,-0.25935313,0.46006882,0.13670921,0.97762614,0.21034989,0.00000000,0.00000000,0.00000000,0.00000000,1.00000000,0.00000000,0.00000000,1.00000000,0.800000,0.100000,0.100000,LONG,6.000000,12.000000,72.000000,6.000000,12.000000,72.000000,LONG,1,0.000000,0.000000,0.000000,0.000000,72,1,,0.371667,6,0.011333,1.11509795,2.02580117,adaptive_quantile,0,0,0.1.4,1.0,0.1.2,0.1.0q,0.1.0,0.1.0,0.1.0,0.1
2025.07.22 12:25,US100,PERIOD_M5,Bid,23141.95000000,23144.33000000,23137.08000000,23138.45000000,140.00,10.33000000,44.956517,0.00044644,4,0,1,1,-0.00015125,-0.00002161,-0.00044850,0.70183933,-0.33881897,-0.62206894,-1.30672836,-2.63729811,-0.13755035,-0.29970127,0.44956517,0.13552760,0.97827703,0.20730194,0.00000000,0.00000000,0.00000000,0.00000000,1.00000000,0.00000000,0.00000000,1.00000000,0.800000,0.100000,0.100000,LONG,6.000000,12.000000,72.000000,6.000000,12.000000,72.000000,LONG,1,6.000000,12.000000,6.000000,12.000000,72,1,,0.371667,6,0.011333,1.30672839,2.01790345,adaptive_quantile,1,0,0.1.4,1.0,0.1.2,0.1.0q,0.1.0,0.1.0,0.1.0,0.1
2025.07.22 12:30,US100,PERIOD_M5,Bid,23138.45000000,23142.58000000,23134.95000000,23140.83000000,140.00,9.01785714,45.113472,0.00038969,4,0,1,1,0.00010285,-0.00012402,-0.00044803,0.84609902,0.26392078,0.54128438,-1.11551988,-2.64899516,-0.11742315,-0.24984033,0.45113471,0.15524752,0.97891837,0.20425197,0.00000000,0.00000000,0.00000000,0.00000000,1.00000000,0.00000000,0.00000000,1.00000000,0.800000,0.100000,0.100000,LONG,6.000000,12.000000,72.000000,6.000000,12.000000,72.000000,LONG,1,6.000000,12.000000,6.000000,12.000000,72,1,,0.371667,6,0.011333,1.11551990,1.94032592,adaptive_quantile,1,1,0.1.4,1.0,0.1.2,0.1.0q,0.1.0,0.1.0,0.1.0,0.1
2025.07.22 12:35,US100,PERIOD_M5,Bid,23140.83000000,23143.20000000,23136.20000000,23137.20000000,140.00,8.78571429,44.368394,0.00037972,4,0,1,1,-0.00015688,-0.00020528,-0.00044853,0.79674798,-0.41317073,-0.71428573,-1.40976906,-3.00932980,-0.14839675,-0.29430822,0.44368392,0.15934959,0.97955018,0.20120004,0.00000000,0.00000000,0.00000000,0.00000000,1.00000000,0.00000000,0.00000000,1.00000000,0.800000,0.100000,0.100000,LONG,6.000000,12.000000,72.000000,6.000000,12.000000,72.000000,LONG,1,6.000000,12.000000,6.000000,12.000000,72,1,,0.371667,6,0.011333,1.40976901,1.92905322,adaptive_quantile,1,2,0.1.4,1.0,0.1.2,0.1.0q,0.1.0,0.1.0,0.1.0,0.1
2025.07.22 12:40,US100,PERIOD_M5,Bid,23137.45000000,23138.95000000,23129.95000000,23134.20000000,140.00,8.75000000,46.063655,0.00037823,4,0,1,1,-0.00012967,-0.00018369,-0.00034575,1.02857149,-0.37142858,-0.05555556,-1.59091556,-3.23252988,-0.16746479,-0.32967356,0.46063656,0.16000000,0.98017251,0.19814615,0.00000000,0.00000000,0.00000000,0.00000000,1.00000000,0.00000000,0.00000000,1.00000000,0.800000,0.100000,0.100000,LONG,6.000000,12.000000,72.000000,6.000000,12.000000,72.000000,LONG,1,0.000000,0.000000,0.000000,0.000000,72,1,,0.371667,6,0.011333,1.59091552,1.92104165,adaptive_quantile,0,0,0.1.4,1.0,0.1.2,0.1.0q,0.1.0,0.1.0,0.1.0,0.1
2025.07.22 12:45,US100,PERIOD_M5,Bid,23134.20000000,23142.70000000,23133.95000000,23142.58000000,140.00,8.81285714,43.944682,0.00038081,4,0,1,1,0.00036217,0.00007562,-0.00016203,0.99286759,0.95088345,0.97257143,-0.56881022,-2.17001843,-0.05987476,-0.15547970,0.43944681,0.15885881,0.98078525,0.19509032,0.00000000,0.00000000,0.00000000,0.00000000,1.00000000,0.00000000,0.00000000,1.00000000,0.800000,0.100000,0.100000,LONG,6.000000,12.000000,72.000000,6.000000,12.000000,72.000000,LONG,1,6.000000,12.000000,6.000000,12.000000,72,1,,0.371667,6,0.011333,0.56881021,1.84497141,adaptive_quantile,1,0,0.1.4,1.0,0.1.2,0.1.0q,0.1.0,0.1.0,0.1.0,0.1
2025.07.22 12:50,US100,PERIOD_M5,Bid,23142.45000000,23145.08000000,23138.20000000,23142.95000000,140.00,8.78642857,39.719967,0.00037966,4,0,1,1,0.00001599,0.00024849,-0.00002160,0.78302574,0.05690594,0.38081396,-0.47808591,-2.05073190,-0.05032483,-0.14832658,0.39719966,0.15933664,0.98138857,0.19203261,0.00000000,0.00000000,0.00000000,0.00000000,1.00000000,0.00000000,0.00000000,1.00000000,0.800000,0.100000,0.100000,LONG,6.000000,12.000000,72.000000,6.000000,12.000000,72.000000,LONG,1,6.000000,12.000000,6.000000,12.000000,72,1,,0.371667,6,0.011333,0.47808590,1.77588598,adaptive_quantile,1,1,0.1.4,1.0,0.1.2,0.1.0q,0.1.0,0.1.0,0.1.0,0.1
2025.07.22 12:55,US100,PERIOD_M5,Bid,23142.95000000,23144.70000000,23141.95000000,23142.95000000,140.00,8.00071429,36.058548,0.00034571,4,0,1,1,0.00000000,0.00037816,0.00022126,0.34371930,0.00000000,-0.27272728,-0.47503307,-2.16380644,-0.05000348,-0.14832658,0.36058548,0.17498438,0.98198229,0.18897302,0.00000000,0.00000000,0.00000000,0.00000000,1.00000000,0.00000000,0.00000000,1.00000000,0.800000,0.100000,0.100000,LONG,6.000000,12.000000,72.000000,6.000000,12.000000,72.000000,LONG,1,6.000000,12.000000,6.000000,12.000000,72,1,,0.371667,6,0.011333,0.47503309,1.74538322,adaptive_quantile,1,2,0.1.4,1.0,0.1.2,0.1.0q,0.1.0,0.1.0,0.1.0,0.1
2025.07.22 13:00,US100,PERIOD_M5,Bid,23143.08000000,23157.70000000,23142.33000000,23156.33000000,140.00,8.42857143,34.246592,0.00036399,4,0,0,0,0.00057798,0.00059397,0.00051317,1.82355928,1.57203388,0.82173067,1.02829671,-0.44821373,0.10824176,0.08836296,0.34246591,0.16610169,0.98256648,0.18591161,0.00000000,0.00000000,0.00000000,0.00000000,1.00000000,0.00000000,0.00000000,0.00000000,0.800000,0.100000,0.100000,LONG,6.000000,12.000000,72.000000,6.000000,12.000000,72.000000,LONG,0,0.000000,0.000000,0.000000,0.000000,72,1,,0.371667,6,0.011333,1.02829674,1.71439253,adaptive_quantile,0,0,0.1.4,1.0,0.1.2,0.1.0q,0.1.0,0.1.0,0.1.0,0.1
2025.07.22 13:05,US100,PERIOD_M5,Bid,23156.33000000,23159.08000000,23154.45000000,23156.95000000,140.00,7.98285714,33.831264,0.00034473,4,0,0,0,0.00002677,0.00060475,0.00073439,0.57999283,0.07766643,0.07991361,1.05257916,-0.38006017,0.11079782,0.09764432,0.33831263,0.17537580,0.98314112,0.18284838,0.00000000,0.00000000,0.00000000,0.00000000,1.00000000,0.00000000,0.00000000,0.00000000,0.800000,0.100000,0.100000,LONG,6.000000,12.000000,72.000000,6.000000,12.000000,72.000000,LONG,0,0.000000,0.000000,0.000000,0.000000,72,1,,0.371667,6,0.011333,1.05257921,1.65424001,adaptive_quantile,0,0,0.1.4,1.0,0.1.2,0.1.0q,0.1.0,0.1.0,0.1.0,0.1
2025.07.22 13:10,US100,PERIOD_M5,Bid,23156.95000000,23162.58000000,23151.58000000,23152.33000000,140.00,7.66142857,34.582184,0.00033091,4,0,0,0,-0.00019953,0.00040522,0.00057808,1.43576360,-0.60302067,-0.86363637,0.44669774,-0.95984846,0.04702082,0.01473960,0.34582183,0.18273355,0.98370624,0.17978339,0.00000000,0.00000000,0.00000000,0.00000000,1.00000000,0.00000000,0.00000000,0.00000000,0.800000,0.100000,0.100000,LONG,6.000000,12.000000,72.000000,6.000000,12.000000,72.000000,LONG,0,0.000000,0.000000,0.000000,0.000000,72,1,,0.371667,6,0.011333,0.44669774,1.63691856,adaptive_quantile,0,0,0.1.4,1.0,0.1.2,0.1.0q,0.1.0,0.1.0,0.1.0,0.1
2025.07.22 13:15,US100,PERIOD_M5,Bid,23152.33000000,23158.33000000,23152.33000000,23155.33000000,140.00,7.68785714,35.232981,0.00033201,4,0,0,0,0.00012957,-0.00004319,0.00050239,0.78045154,0.39022577,0.00000000,0.75582713,-0.54411429,0.07956075,0.06416831,0.35232982,0.18210536,0.98426175,0.17671664,0.00000000,0.00000000,0.00000000,0.00000000,1.00000000,0.00000000,0.00000000,0.00000000,0.800000,0.100000,0.100000,LONG,6.000000,12.000000,72.000000,6.000000,12.000000,72.000000,LONG,0,0.000000,0.000000,0.000000,0.000000,72,1,,0.371667,6,0.011333,0.75582715,1.63691856,adaptive_quantile,0,0,0.1.4,1.0,0.1.2,0.1.0q,0.1.0,0.1.0,0.1.0,0.1
2025.07.22 13:20,US100,PERIOD_M5,Bid,23155.33000000,23155.33000000,23145.95000000,23148.20000000,140.00,8.02785714,31.034409,0.00034680,4,0,1,1,-0.00030797,-0.00037793,0.00027004,1.16843140,-0.88815731,-0.52025586,-0.14868979,-1.35396314,-0.01565156,-0.05692681,0.31034410,0.17439274,0.98480773,0.17364818,0.00000000,0.00000000,0.00000000,0.00000000,1.00000000,0.00000000,0.00000000,1.00000000,0.800000,0.100000,0.100000,LONG,6.000000,12.000000,72.000000,6.000000,12.000000,72.000000,LONG,1,6.000000,12.000000,6.000000,12.000000,72,1,,0.371667,6,0.011333,0.14868979,1.62593641,adaptive_quantile,1,0,0.1.4,1.0,0.1.2,0.1.0q,0.1.0,0.1.0,0.1.0,0.1
2025.07.22 13:25,US100,PERIOD_M5,Bid,23148.58000000,23152.08000000,23146.95000000,23151.58000000,140.00,7.68000000,27.395646,0.00033173,2,0,0,0,0.00014601,-0.00003239,0.00056729,0.66796875,0.39062500,0.80506825,0.25756729,-0.93694270,0.02711235,0.00110271,0.27395645,0.18229167,0.98534417,0.17057803,0.00000000,0.00000000,1.00000000,0.00000000,0.00000000,0.00000000,0.00000000,0.00000000,0.800000,0.100000,0.100000,LONG,6.000000,12.000000,72.000000,6.000000,12.000000,72.000000,LONG,0,6.000000,12.000000,6.000000,12.000000,72,1,,0.371667,6,0.011333,0.25756729,1.62593641,adaptive_quantile,1,1,0.1.4,1.0,0.1.2,0.1.0q,0.1.0,0.1.0,0.1.0,0.1
2025.07.22 13:30,US100,PERIOD_M5,Bid,23151.58000000,23156.45000000,23147.08000000,23149.70000000,140.00,7.86714286,26.674169,0.00033984,2,0,0,0,-0.00008121,-0.00024317,0.00038323,1.19102955,-0.23896858,-0.44076842,0.01128394,-1.10838330,0.00118778,-0.03077268,0.26674169,0.17795533,0.98587102,0.16750622,0.00000000,0.00000000,1.00000000,0.00000000,0.00000000,0.00000000,0.00000000,0.00000000,0.800000,0.100000,0.100000,LONG,6.000000,12.000000,72.000000,6.000000,12.000000,72.000000,LONG,0,6.000000,12.000000,6.000000,12.000000,72,1,,0.371667,6,0.011333,0.01128394,1.62593641,adaptive_quantile,1,2,0.1.4,1.0,0.1.2,0.1.0q,0.1.0,0.1.0,0.1.0,0.1
2025.07.22 13:35,US100,PERIOD_M5,Bid,23149.70000000,23150.33000000,23138.45000000,23147.95000000,140.00,8.19785714,24.318415,0.00035415,2,0,1,1,-0.00007560,-0.00001080,0.00046451,1.44915915,-0.21347041,0.59932661,-0.18334249,-1.22705591,-0.01929921,-0.06075202,0.24318415,0.17077634,0.98638827,0.16443279,0.00000000,0.00000000,1.00000000,0.00000000,0.00000000,0.00000000,0.00000000,1.00000000,0.800000,0.100000,0.100000,LONG,6.000000,12.000000,72.000000,6.000000,12.000000,72.000000,LONG,1,0.000000,0.000000,0.000000,0.000000,72,1,,0.371667,6,0.011333,0.18334249,1.61742870,adaptive_quantile,0,0,0.1.4,1.0,0.1.2,0.1.0q,0.1.0,0.1.0,0.1.0,0.1
2025.07.22 13:40,US100,PERIOD_M5,Bid,23147.95000000,23149.20000000,23144.70000000,23146.83000000,140.00,7.97428571,22.276762,0.00034451,2,0,1,1,-0.00004839,-0.00020519,0.00054580,0.56431389,-0.14045145,-0.05333333,-0.29760715,-1.34693289,-0.03132707,-0.08035762,0.22276762,0.17556432,0.98689598,0.16135776,0.00000000,0.00000000,1.00000000,0.00000000,0.00000000,0.00000000,0.00000000,1.00000000,0.800000,0.100000,0.100000,LONG,6.000000,12.000000,72.000000,6.000000,12.000000,72.000000,LONG,1,6.000000,12.000000,6.000000,12.000000,72,1,,0.371667,6,0.011333,0.29760716,1.61742870,adaptive_quantile,1,0,0.1.4,1.0,0.1.2,0.1.0q,0.1.0,0.1.0,0.1.0,0.1
2025.07.22 13:45,US100,PERIOD_M5,Bid,23146.70000000,23152.83000000,23146.70000000,23152.20000000,140.00,7.91214286,21.246996,0.00034174,2,0,0,0,0.00023197,0.00010799,0.00041560,0.77475852,0.69513404,0.79445350,0.34268674,-0.65218830,0.03607229,0.02475492,0.21246997,0.17694321,0.98739409,0.15828116,0.00000000,0.00000000,1.00000000,0.00000000,0.00000000,0.00000000,0.00000000,0.00000000,0.800000,0.100000,0.100000,LONG,6.000000,12.000000,72.000000,6.000000,12.000000,72.000000,LONG,0,6.000000,12.000000,6.000000,12.000000,72,1,,0.371667,6,0.011333,0.34268673,1.61742870,adaptive_quantile,1,1,0.1.4,1.0,0.1.2,0.1.0q,0.1.0,0.1.0,0.1.0,0.1
2025.07.22 13:50,US100,PERIOD_M5,Bid,23151.70000000,23154.58000000,23145.33000000,23146.70000000,140.00,7.93000000,21.195259,0.00034260,2,0,1,1,-0.00023759,-0.00005400,0.00016202,1.16645646,-0.63051701,-0.70378381,-0.31816286,-1.29157114,-0.03349083,-0.07455873,0.21195258,0.17654477,0.98788261,0.15520303,0.00000000,0.00000000,1.00000000,0.00000000,0.00000000,0.00000000,0.00000000,1.00000000,0.800000,0.100000,0.100000,LONG,6.000000,12.000000,72.000000,6.000000,12.000000,72.000000,LONG,1,6.000000,12.000000,6.000000,12.000000,72,1,,0.371667,6,0.011333,0.31816284,1.61742870,adaptive_quantile,1,2,0.1.4,1.0,0.1.2,0.1.0q,0.1.0,0.1.0,0.1.0,0.1
2025.07.22 13:55,US100,PERIOD_M5,Bid,23147.20000000,23161.08000000,23145.70000000,23160.58000000,140.00,8.40357143,22.836770,0.00036284,2,0,0,0,0.00059947,0.00059386,0.00076150,1.83017421,1.59218025,0.93498051,1.22273636,0.41591603,0.12870909,0.14946441,0.22836770,0.16659583,0.98836154,0.15212339,0.00000000,0.00000000,1.00000000,0.00000000,0.00000000,0.00000000,0.00000000,0.00000000,0.800000,0.100000,0.100000,LONG,6.000000,12.000000,72.000000,6.000000,12.000000,72.000000,LONG,0,0.000000,0.000000,0.000000,0.000000,72,1,,0.371667,6,0.011333,1.22273639,1.61742870,adaptive_quantile,0,0,0.1.4,1.0,0.1.2,0.1.0q,0.1.0,0.1.0,0.1.0,0.1
2025.07.22 14:00,US100,PERIOD_M5,Bid,23160.33000000,23171.70000000,23155.58000000,23171.45000000,140.00,9.06357143,26.238868,0.00039115,2,0,0,0,0.00046922,0.00083111,0.00065274,1.77854836,1.22688949,0.96898264,2.11081362,1.52278161,0.22219090,0.27664950,0.26238868,0.15446450,0.98883080,0.14904226,0.00000000,0.00000000,1.00000000,0.00000000,0.00000000,0.00000000,0.00000000,0.00000000,0.800000,0.100000,0.100000,LONG,6.000000,12.000000,72.000000,6.000000,12.000000,72.000000,LONG,0,0.000000,0.000000,0.000000,0.000000,72,1,,0.371667,6,0.011333,2.11081356,1.61742870,adaptive_quantile,0,0,0.1.4,1.0,0.1.2,0.1.0q,0.1.0,0.1.0,0.1.0,0.1
2025.07.22 14:05,US100,PERIOD_M5,Bid,23171.33000000,23185.45000000,23169.70000000,23176.20000000,140.00,9.99214286,30.939921,0.00043114,4,0,0,0,0.00020497,0.00127367,0.00083094,1.57623851,0.48738295,-0.17460318,2.16240692,1.78383327,0.22762179,0.32420570,0.30939922,0.14011009,0.98929054,0.14595971,0.00000000,0.00000000,0.00000000,0.00000000,1.00000000,0.00000000,0.00000000,0.00000000,0.800000,0.100000,0.100000,LONG,6.000000,12.000000,72.000000,6.000000,12.000000,72.000000,LONG,0,0.000000,0.000000,0.000000,0.000000,72,1,,0.371667,6,0.011333,2.16240703,1.63691856,adaptive_quantile,0,0,0.1.4,1.0,0.1.2,0.1.0q,0.1.0,0.1.0,0.1.0,0.1
2025.07.22 14:10,US100,PERIOD_M5,Bid,23175.70000000,23175.70000000,23167.20000000,23169.45000000,140.00,9.53714286,33.174159,0.00041163,4,0,0,0,-0.00029129,0.00038291,0.00073918,0.89125222,-0.65533251,-0.47058824,1.40944934,1.11564124,0.14836310,0.20315313,0.33174160,0.14679448,0.98974061,0.14287572,0.00000000,0.00000000,0.00000000,0.00000000,1.00000000,0.00000000,0.00000000,0.00000000,0.800000,0.100000,0.100000,LONG,6.000000,12.000000,72.000000,6.000000,12.000000,72.000000,LONG,0,0.000000,0.000000,0.000000,0.000000,72,1,,0.371667,6,0.011333,1.40944937,1.65424001,adaptive_quantile,0,0,0.1.4,1.0,0.1.2,0.1.0q,0.1.0,0.1.0,0.1.0,0.1
2025.07.22 14:15,US100,PERIOD_M5,Bid,23169.45000000,23172.08000000,23161.45000000,23161.70000000,140.00,9.96571429,31.938484,0.00043027,4,0,0,0,-0.00033455,-0.00042086,0.00027506,1.06665707,-0.77766627,-0.95296329,0.51677310,0.27862480,0.05439717,0.08096910,0.31938484,0.14048165,0.99018115,0.13979034,0.00000000,0.00000000,0.00000000,0.00000000,1.00000000,0.00000000,0.00000000,0.00000000,0.800000,0.100000,0.100000,LONG,6.000000,12.000000,72.000000,6.000000,12.000000,72.000000,LONG,0,0.000000,0.000000,0.000000,0.000000,72,1,,0.371667,6,0.011333,0.51677313,1.65424001,adaptive_quantile,0,0,0.1.4,1.0,0.1.2,0.1.0q,0.1.0,0.1.0,0.1.0,0.1
2025.07.22 14:20,US100,PERIOD_M5,Bid,23161.70000000,23165.08000000,23160.58000000,23163.83000000,140.00,9.50142857,29.838488,0.00041018,2,0,0,0,0.00009196,-0.00053388,0.00067499,0.47361299,0.22417681,0.44444445,0.69323033,0.49616492,0.07297162,0.10778700,0.29838488,0.14734626,0.99061197,0.13670361,0.00000000,0.00000000,1.00000000,0.00000000,0.00000000,0.00000000,0.00000000,0.00000000,0.800000,0.100000,0.100000,LONG,6.000000,12.000000,72.000000,6.000000,12.000000,72.000000,LONG,0,0.000000,0.000000,0.000000,0.000000,72,1,,0.371667,6,0.011333,0.69323036,1.65424001,adaptive_quantile,0,0,0.1.4,1.0,0.1.2,0.1.0q,0.1.0,0.1.0,0.1.0,0.1
2025.07.22 14:25,US100,PERIOD_M5,Bid,23163.83000000,23168.70000000,23163.33000000,23168.70000000,140.00,9.45642857,30.257791,0.00040816,4,0,0,0,0.00021022,-0.00003237,0.00073920,0.56786764,0.51499361,1.00000000,1.09613967,0.97377372,0.11538313,0.16759551,0.30257791,0.14804743,0.99103326,0.13361555,0.00000000,0.00000000,0.00000000,0.00000000,1.00000000,0.00000000,0.00000000,0.00000000,0.800000,0.100000,0.100000,LONG,6.000000,12.000000,72.000000,6.000000,12.000000,72.000000,LONG,0,0.000000,0.000000,0.000000,0.000000,72,1,,0.371667,6,0.011333,1.09613967,1.65424001,adaptive_quantile,0,0,0.1.4,1.0,0.1.2,0.1.0q,0.1.0,0.1.0,0.1.0,0.1
2025.07.22 14:30,US100,PERIOD_M5,Bid,23168.45000000,23171.95000000,23165.95000000,23171.45000000,140.00,9.21500000,32.021196,0.00039769,4,0,0,0,0.00011869,0.00042086,0.00093910,0.65111232,0.32555616,0.83333331,1.28773355,1.24682188,0.13555090,0.20019905,0.32021195,0.15192620,0.99144489,0.13052619,0.00000000,0.00000000,0.00000000,0.00000000,1.00000000,0.00000000,0.00000000,0.00000000,0.800000,0.100000,0.100000,LONG,6.000000,12.000000,72.000000,6.000000,12.000000,72.000000,LONG,0,0.000000,0.000000,0.000000,0.000000,72,1,,0.371667,6,0.011333,1.28773358,1.65424001,adaptive_quantile,0,0,0.1.4,1.0,0.1.2,0.1.0q,0.1.0,0.1.0,0.1.0,0.1
2025.07.22 14:35,US100,PERIOD_M5,Bid,23171.45000000,23171.45000000,23161.20000000,23164.45000000,140.00,9.58071429,30.986896,0.00041360,4,0,0,0,-0.00030214,0.00002677,0.00071255,1.06985760,-0.73063445,-0.36585367,0.45956823,0.45021763,0.04837561,0.08382902,0.30986896,0.14612690,0.99184686,0.12743556,0.00000000,0.00000000,0.00000000,0.00000000,1.00000000,0.00000000,0.00000000,0.00000000,0.800000,0.100000,0.100000,LONG,6.000000,12.000000,72.000000,6.000000,12.000000,72.000000,LONG,0,0.000000,0.000000,0.000000,0.000000,72,1,,0.371667,6,0.011333,0.45956825,1.65424001,adaptive_quantile,0,0,0.1.4,1.0,0.1.2,0.1.0q,0.1.0,0.1.0,0.1.0,0.1
2025.07.22 14:40,US100,PERIOD_M5,Bid,23164.33000000,23186.45000000,23161.45000000,23179.33000000,140.00,10.69714286,31.774292,0.00046149,4,1,0,1,0.00064216,0.00045870,0.00140310,2.33707261,1.40224361,0.43040001,1.63095105,1.72389245,0.17167906,0.25024557,0.31774291,0.13087606,0.99223918,0.12434371,0.00000000,0.00000000,0.00000000,0.00000000,1.00000000,0.00000000,1.00000000,0.00000000,0.800000,0.100000,0.100000,LONG,6.000000,12.000000,72.000000,6.000000,12.000000,72.000000,LONG,0,6.000000,12.000000,6.000000,12.000000,72,1,,0.371667,6,0.011333,1.63095107,1.65424001,adaptive_quantile,1,0,0.1.4,1.0,0.1.2,0.1.0q,0.1.0,0.1.0,0.1.0,0.1
2025.07.22 14:45,US100,PERIOD_M5,Bid,23179.33000000,23186.70000000,23177.83000000,23186.33000000,140.00,10.48214286,32.532068,0.00045208,4,0,0,0,0.00030195,0.00064196,0.00147307,0.84620100,0.66780239,0.91657269,2.11009121,2.33187509,0.22211486,0.31342661,0.32532069,0.13356048,0.99262190,0.12125064,0.00000000,0.00000000,0.00000000,0.00000000,1.00000000,0.00000000,0.00000000,0.00000000,0.800000,0.100000,0.100000,LONG,6.000000,12.000000,72.000000,6.000000,12.000000,72.000000,LONG,0,6.000000,12.000000,6.000000,12.000000,72,1,,0.371667,6,0.011333,2.11009116,1.65424001,adaptive_quantile,1,1,0.1.4,1.0,0.1.2,0.1.0q,0.1.0,0.1.0,0.1.0,0.1
2025.07.22 14:50,US100,PERIOD_M5,Bid,23186.33000000,23190.45000000,23183.70000000,23184.83000000,140.00,10.64285714,34.600054,0.00045904,4,0,0,0,-0.00006470,0.00087941,0.00164596,0.63422817,-0.14093959,-0.66518521,1.75278413,2.07118464,0.18450360,0.28837204,0.34600055,0.13154362,0.99299502,0.11815639,0.00000000,0.00000000,0.00000000,0.00000000,1.00000000,0.00000000,0.00000000,0.00000000,0.800000,0.100000,0.100000,LONG,6.000000,12.000000,72.000000,6.000000,12.000000,72.000000,LONG,0,6.000000,12.000000,6.000000,12.000000,72,1,,0.371667,6,0.011333,1.75278417,1.71439253,adaptive_quantile,1,2,0.1.4,1.0,0.1.2,0.1.0q,0.1.0,0.1.0,0.1.0,0.1
2025.07.22 14:55,US100,PERIOD_M5,Bid,23184.83000000,23192.95000000,23182.95000000,23191.95000000,140.00,10.91928571,36.951890,0.00047082,4,0,0,0,0.00030705,0.00054430,0.00135354,0.91581082,0.65205729,0.80000001,2.13566208,2.56607103,0.22480653,0.35159844,0.36951891,0.12821351,0.99335843,0.11506099,0.00000000,0.00000000,0.00000000,0.00000000,1.00000000,0.00000000,0.00000000,0.00000000,0.800000,0.100000,0.100000,LONG,6.000000,12.000000,72.000000,6.000000,12.000000,72.000000,LONG,0,0.000000,0.000000,0.000000,0.000000,72,1,,0.371667,6,0.011333,2.13566210,1.75278417,adaptive_quantile,0,0,0.1.4,1.0,0.1.2,0.1.0q,0.1.0,0.1.0,0.1.0,0.1
2025.07.22 15:00,US100,PERIOD_M5,Bid,23191.95000000,23198.20000000,23188.33000000,23197.45000000,140.00,10.96357143,40.043978,0.00047262,4,0,0,0,0.00023712,0.00047948,0.00112144,0.90025407,0.50166136,0.84802431,2.37834477,2.93747020,0.25035208,0.39622450,0.40043977,0.12769562,0.99371219,0.11196448,0.00000000,0.00000000,0.00000000,0.00000000,1.00000000,0.00000000,0.00000000,0.00000000,0.800000,0.100000,0.100000,LONG,6.000000,12.000000,72.000000,6.000000,12.000000,72.000000,LONG,0,0.000000,0.000000,0.000000,0.000000,72,1,,0.371667,6,0.011333,2.37834469,1.77588598,adaptive_quantile,0,0,0.1.4,1.0,0.1.2,0.1.0q,0.1.0,0.1.0,0.1.0,0.1
2025.07.22 15:05,US100,PERIOD_M5,Bid,23196.95000000,23197.58000000,23188.45000000,23189.20000000,140.00,10.51714286,42.723787,0.00045354,4,1,0,1,-0.00035571,0.00018847,0.00056076,0.86810648,-0.73689216,-0.83570647,1.53345048,2.18840289,0.16141585,0.25652599,0.42723787,0.13311601,0.99405634,0.10886688,0.00000000,0.00000000,0.00000000,0.00000000,1.00000000,0.00000000,1.00000000,0.00000000,0.800000,0.100000,0.100000,LONG,6.000000,12.000000,72.000000,6.000000,12.000000,72.000000,LONG,0,6.000000,12.000000,6.000000,12.000000,72,1,,0.371667,6,0.011333,1.53345054,1.84497141,adaptive_quantile,1,0,0.1.4,1.0,0.1.2,0.1.0q,0.1.0,0.1.0,0.1.0,0.1
2025.07.22 15:10,US100,PERIOD_M5,Bid,23189.20000000,23192.70000000,23186.58000000,23189.45000000,140.00,9.80285714,42.647504,0.00042273,4,1,0,1,0.00001078,-0.00010780,0.00086283,0.62430781,0.02550277,-0.06209150,1.51157510,2.28029084,0.15911317,0.25894567,0.42647505,0.14281550,0.99439079,0.10576822,0.00000000,0.00000000,0.00000000,0.00000000,1.00000000,0.00000000,1.00000000,0.00000000,0.800000,0.100000,0.100000,LONG,6.000000,12.000000,72.000000,6.000000,12.000000,72.000000,LONG,0,6.000000,12.000000,6.000000,12.000000,72,1,,0.371667,6,0.011333,1.51157509,1.84497141,adaptive_quantile,1,1,0.1.4,1.0,0.1.2,0.1.0q,0.1.0,0.1.0,0.1.0,0.1
2025.07.22 15:15,US100,PERIOD_M5,Bid,23189.45000000,23190.95000000,23182.33000000,23182.95000000,140.00,9.29357143,39.302772,0.00040088,4,1,0,1,-0.00028034,-0.00062526,0.00091704,0.92752284,-0.69940817,-0.85614848,0.80976272,1.63894629,0.08523818,0.15380250,0.39302772,0.15064177,0.99471563,0.10266853,0.00000000,0.00000000,0.00000000,0.00000000,1.00000000,0.00000000,1.00000000,0.00000000,0.800000,0.100000,0.100000,LONG,6.000000,12.000000,72.000000,6.000000,12.000000,72.000000,LONG,0,6.000000,12.000000,6.000000,12.000000,72,1,,0.371667,6,0.011333,0.80976271,1.84497141,adaptive_quantile,1,2,0.1.4,1.0,0.1.2,0.1.0q,0.1.0,0.1.0,0.1.0,0.1
2025.07.22 15:20,US100,PERIOD_M5,Bid,23182.95000000,23190.45000000,23182.83000000,23185.83000000,140.00,9.19500000,36.404005,0.00039658,4,1,0,1,0.00012422,-0.00014534,0.00094931,0.82871127,0.31321371,-0.21259843,1.02388024,1.89248538,0.10777687,0.18623187,0.36404005,0.15225667,0.99503076,0.09956785,0.00000000,0.00000000,0.00000000,0.00000000,1.00000000,0.00000000,1.00000000,0.00000000,0.800000,0.100000,0.100000,LONG,6.000000,12.000000,72.000000,6.000000,12.000000,72.000000,LONG,0,0.000000,0.000000,0.000000,0.000000,72,1,,0.371667,6,0.011333,1.02388029,1.84497141,adaptive_quantile,0,0,0.1.4,1.0,0.1.2,0.1.0q,0.1.0,0.1.0,0.1.0,0.1
2025.07.22 15:25,US100,PERIOD_M5,Bid,23185.83000000,23201.83000000,23185.20000000,23200.83000000,140.00,9.62357143,36.554146,0.00041479,4,0,0,0,0.00064674,0.00049062,0.00138582,1.72804868,1.55867290,0.87973541,2.29534125,3.23484468,0.24161488,0.33020791,0.36554146,0.14547613,0.99533623,0.09646620,0.00000000,0.00000000,0.00000000,0.00000000,1.00000000,0.00000000,0.00000000,0.00000000,0.800000,0.100000,0.100000,LONG,6.000000,12.000000,72.000000,6.000000,12.000000,72.000000,LONG,0,0.000000,0.000000,0.000000,0.000000,72,1,,0.371667,6,0.011333,2.29534133,1.84497141,adaptive_quantile,0,0,0.1.4,1.0,0.1.2,0.1.0q,0.1.0,0.1.0,0.1.0,0.1
2025.07.22 15:30,US100,PERIOD_M5,Bid,23200.83000000,23200.95000000,23189.08000000,23196.45000000,140.00,10.15000000,36.684268,0.00043757,4,1,0,1,-0.00018880,0.00058216,0.00107833,1.16945815,-0.43152711,0.24178602,1.57859838,2.53218818,0.16616824,0.26010075,0.36684269,0.13793103,0.99563205,0.09336361,0.00000000,0.00000000,0.00000000,0.00000000,1.00000000,0.00000000,1.00000000,0.00000000,0.800000,0.100000,0.100000,LONG,6.000000,12.000000,72.000000,6.000000,12.000000,72.000000,LONG,0,6.000000,12.000000,6.000000,12.000000,72,1,,0.371667,6,0.011333,1.57859837,1.84497141,adaptive_quantile,1,0,0.1.4,1.0,0.1.2,0.1.0q,0.1.0,0.1.0,0.1.0,0.1
2025.07.22 15:35,US100,PERIOD_M5,Bid,23196.45000000,23198.08000000,23190.20000000,23195.70000000,140.00,10.32928571,36.797040,0.00044531,4,1,0,1,-0.00003233,0.00042560,0.00134814,0.76287949,-0.07260909,0.39593908,1.33777142,2.32089734,0.14081804,0.24797191,0.36797041,0.13553697,0.99591821,0.09026011,0.00000000,0.00000000,0.00000000,0.00000000,1.00000000,0.00000000,1.00000000,0.00000000,0.800000,0.100000,0.100000,LONG,6.000000,12.000000,72.000000,6.000000,12.000000,72.000000,LONG,0,6.000000,12.000000,6.000000,12.000000,72,1,,0.371667,6,0.011333,1.33777146,1.75278417,adaptive_quantile,1,1,0.1.4,1.0,0.1.2,0.1.0q,0.1.0,0.1.0,0.1.0,0.1
2025.07.22 15:40,US100,PERIOD_M5,Bid,23195.70000000,23195.83000000,23188.33000000,23188.70000000,140.00,10.43642857,34.705491,0.00045007,4,1,0,1,-0.00030183,-0.00052296,0.00040416,0.71863663,-0.67072755,-0.90133333,0.59109002,1.56256473,0.06222000,0.13788538,0.34705490,0.13414551,0.99619472,0.08715574,0.00000000,0.00000000,0.00000000,0.00000000,1.00000000,0.00000000,1.00000000,0.00000000,0.800000,0.100000,0.100000,LONG,6.000000,12.000000,72.000000,6.000000,12.000000,72.000000,LONG,0,6.000000,12.000000,6.000000,12.000000,72,1,,0.371667,6,0.011333,0.59109004,1.71439253,adaptive_quantile,1,2,0.1.4,1.0,0.1.2,0.1.0q,0.1.0,0.1.0,0.1.0,0.1
2025.07.22 15:45,US100,PERIOD_M5,Bid,23188.70000000,23192.95000000,23186.45000000,23192.95000000,140.00,10.16857143,30.667891,0.00043843,4,1,0,1,0.00018326,-0.00015090,0.00028547,0.63922453,0.41795447,1.00000000,0.92703247,1.94239819,0.09758236,0.18489824,0.30667889,0.13767913,0.99646151,0.08405052,0.00000000,0.00000000,0.00000000,0.00000000,1.00000000,0.00000000,1.00000000,0.00000000,0.800000,0.100000,0.100000,LONG,6.000000,12.000000,72.000000,6.000000,12.000000,72.000000,LONG,0,0.000000,0.000000,0.000000,0.000000,72,1,,0.371667,6,0.011333,0.92703246,1.65424001,adaptive_quantile,0,0,0.1.4,1.0,0.1.2,0.1.0q,0.1.0,0.1.0,0.1.0,0.1
2025.07.22 15:50,US100,PERIOD_M5,Bid,23192.95000000,23199.45000000,23190.95000000,23197.45000000,140.00,8.99000000,30.939951,0.00038754,4,1,0,1,0.00019401,0.00007544,0.00054417,0.94549501,0.50055617,0.52941179,1.40158546,2.59181094,0.14753531,0.23261526,0.30939952,0.15572859,0.99671859,0.08094449,0.00000000,0.00000000,0.00000000,0.00000000,1.00000000,0.00000000,1.00000000,0.00000000,0.800000,0.100000,0.100000,LONG,6.000000,12.000000,72.000000,6.000000,12.000000,72.000000,LONG,0,6.000000,12.000000,6.000000,12.000000,72,1,,0.371667,6,0.011333,1.40158546,1.63691856,adaptive_quantile,1,0,0.1.4,1.0,0.1.2,0.1.0q,0.1.0,0.1.0,0.1.0,0.1
2025.07.22 15:55,US100,PERIOD_M5,Bid,23197.45000000,23198.20000000,23193.33000000,23195.70000000,140.00,8.70428571,31.175737,0.00037525,4,1,0,1,-0.00007544,0.00030183,0.00016168,0.55949450,-0.20105039,-0.02669404,1.12782323,2.37874389,0.11871824,0.20311812,0.31175736,0.16084030,0.99696606,0.07783767,0.00000000,0.00000000,0.00000000,0.00000000,1.00000000,0.00000000,1.00000000,0.00000000,0.800000,0.100000,0.100000,LONG,6.000000,12.000000,72.000000,6.000000,12.000000,72.000000,LONG,0,6.000000,12.000000,6.000000,12.000000,72,1,,0.371667,6,0.011333,1.12782326,1.63095107,adaptive_quantile,1,1,0.1.4,1.0,0.1.2,0.1.0q,0.1.0,0.1.0,0.1.0,0.1
2025.07.22 16:00,US100,PERIOD_M5,Bid,23195.70000000,23201.70000000,23195.08000000,23196.20000000,140.00,8.69500000,33.300914,0.00037485,4,1,0,1,0.00002156,0.00014012,-0.00005389,0.76135713,0.05750431,-0.66163141,1.07352901,2.34314966,0.11300305,0.20894286,0.33300915,0.16101208,0.99720383,0.07473009,0.00000000,0.00000000,0.00000000,0.00000000,1.00000000,0.00000000,1.00000000,0.00000000,0.800000,0.100000,0.100000,LONG,6.000000,12.000000,72.000000,6.000000,12.000000,72.000000,LONG,0,6.000000,12.000000,6.000000,12.000000,72,1,,0.371667,6,0.011333,1.07352896,1.63095107,adaptive_quantile,1,2,0.1.4,1.0,0.1.2,0.1.0q,0.1.0,0.1.0,0.1.0,0.1
2025.07.22 16:05,US100,PERIOD_M5,Bid,23196.20000000,23205.70000000,23192.83000000,23195.70000000,140.00,8.90000000,36.036857,0.00038369,4,1,0,1,-0.00002156,-0.00007544,0.00028026,1.44606745,-0.05617978,-0.55400157,0.89808643,2.14543009,0.09453541,0.19950077,0.36036858,0.15730338,0.99743187,0.07162179,0.00000000,0.00000000,0.00000000,0.00000000,1.00000000,0.00000000,1.00000000,0.00000000,0.800000,0.100000,0.100000,LONG,6.000000,12.000000,72.000000,6.000000,12.000000,72.000000,LONG,0,0.000000,0.000000,0.000000,0.000000,72,1,,0.371667,6,0.011333,0.89808642,1.63095107,adaptive_quantile,0,0,0.1.4,1.0,0.1.2,0.1.0q,0.1.0,0.1.0,0.1.0,0.1
2025.07.22 16:10,US100,PERIOD_M5,Bid,23195.70000000,23203.70000000,23194.95000000,23202.20000000,140.00,8.82000000,38.408006,0.00038014,4,1,0,1,0.00028019,0.00028019,0.00054967,0.99206346,0.73696142,0.65714288,1.48669910,2.78805304,0.15649465,0.27840233,0.38408005,0.15873016,0.99765027,0.06851279,0.00000000,0.00000000,0.00000000,0.00000000,1.00000000,0.00000000,1.00000000,0.00000000,0.800000,0.100000,0.100000,LONG,6.000000,12.000000,72.000000,6.000000,12.000000,72.000000,LONG,0,6.000000,12.000000,6.000000,12.000000,72,1,,0.371667,6,0.011333,1.48669914,1.63095107,adaptive_quantile,1,0,0.1.4,1.0,0.1.2,0.1.0q,0.1.0,0.1.0,0.1.0,0.1
2025.07.22 16:15,US100,PERIOD_M5,Bid,23201.70000000,23203.45000000,23197.33000000,23199.20000000,140.00,8.60500000,40.463003,0.00037092,4,1,0,1,-0.00012931,0.00012932,0.00070070,0.71121442,-0.29052877,-0.38888890,1.06328571,2.41068411,0.11192481,0.21869701,0.40463004,0.16269611,0.99785894,0.06540313,0.00000000,0.00000000,0.00000000,0.00000000,1.00000000,0.00000000,1.00000000,0.00000000,0.800000,0.100000,0.100000,LONG,6.000000,12.000000,72.000000,6.000000,12.000000,72.000000,LONG,0,6.000000,12.000000,6.000000,12.000000,72,1,,0.371667,6,0.011333,1.06328569,1.61742870,adaptive_quantile,1,1,0.1.4,1.0,0.1.2,0.1.0q,0.1.0,0.1.0,0.1.0,0.1
2025.07.22 16:20,US100,PERIOD_M5,Bid,23199.20000000,23200.45000000,23192.08000000,23199.70000000,140.00,8.76571429,36.456590,0.00037784,4,1,0,1,0.00002155,0.00017243,0.00059803,0.95485657,0.05704042,0.82078850,0.99599028,2.32848573,0.10484108,0.22519192,0.36456591,0.15971316,0.99805790,0.06229283,0.00000000,0.00000000,0.00000000,0.00000000,1.00000000,0.00000000,1.00000000,0.00000000,0.800000,0.100000,0.100000,LONG,6.000000,12.000000,72.000000,6.000000,12.000000,72.000000,LONG,0,6.000000,12.000000,6.000000,12.000000,72,1,,0.371667,6,0.011333,0.99599030,1.61742870,adaptive_quantile,1,2,0.1.4,1.0,0.1.2,0.1.0q,0.1.0,0.1.0,0.1.0,0.1
2025.07.22 16:25,US100,PERIOD_M5,Bid,23199.70000000,23205.70000000,23190.83000000,23204.45000000,140.00,9.21214286,34.834418,0.00039700,4,1,0,1,0.00020472,0.00009697,0.00015602,1.61417389,0.51562381,0.83187628,1.32398105,2.62416053,0.13936643,0.28592247,0.34834418,0.15197332,0.99824721,0.05918192,0.00000000,0.00000000,0.00000000,0.00000000,1.00000000,0.00000000,1.00000000,0.00000000,0.800000,0.100000,0.100000,LONG,6.000000,12.000000,72.000000,6.000000,12.000000,72.000000,LONG,0,0.000000,0.000000,0.000000,0.000000,72,1,,0.371667,6,0.011333,1.32398109,1.61742870,adaptive_quantile,0,0,0.1.4,1.0,0.1.2,0.1.0q,0.1.0,0.1.0,0.1.0,0.1
2025.07.22 16:30,US100,PERIOD_M5,Bid,23206.08000000,23210.08000000,23140.08000000,23150.55000000,120.00,13.66785714,31.400094,0.00059039,5,0,0,0,-0.00232553,-0.00209926,-0.00198071,5.12150526,-4.06281662,-0.70085716,-2.76060510,-2.08958411,-0.29058999,-0.34319317,0.31400093,0.08779723,0.99842680,0.05607045,0.00000000,0.00000000,0.00000000,0.00000000,0.00000000,1.00000000,0.00000000,0.00000000,0.800000,0.100000,0.100000,LONG,6.000000,12.000000,72.000000,6.000000,12.000000,72.000000,LONG,0,0.000000,0.000000,0.000000,0.000000,72,1,,0.371667,6,0.011333,2.76060498,1.61742870,adaptive_quantile,0,0,0.1.4,1.0,0.1.2,0.1.0q,0.1.0,0.1.0,0.1.0,0.1
2025.07.22 16:35,US100,PERIOD_M5,Bid,23150.68000000,23175.55000000,23148.30000000,23166.30000000,120.00,14.42642857,28.423680,0.00062273,3,0,0,0,0.00068010,-0.00144071,-0.00126828,1.88889444,1.08273506,0.32110092,-1.37858605,-0.85314119,-0.14511432,-0.16399153,0.28423679,0.08318067,0.99859673,0.05295843,0.00000000,0.00000000,0.00000000,1.00000000,0.00000000,0.00000000,0.00000000,0.00000000,0.800000,0.100000,0.100000,LONG,6.000000,12.000000,72.000000,6.000000,12.000000,72.000000,LONG,0,0.000000,0.000000,0.000000,0.000000,72,1,,0.371667,6,0.011333,1.37858604,1.63095107,adaptive_quantile,0,0,0.1.4,1.0,0.1.2,0.1.0q,0.1.0,0.1.0,0.1.0,0.1
2025.07.22 16:40,US100,PERIOD_M5,Bid,23166.30000000,23166.55000000,23120.18000000,23139.55000000,120.00,16.89071429,28.634319,0.00072995,3,0,0,0,-0.00115536,-0.00280080,-0.00212182,2.74529529,-1.58371043,-0.16454604,-2.49819827,-2.22170019,-0.26296824,-0.32798010,0.28634319,0.07104495,0.99875695,0.04984589,0.00000000,0.00000000,0.00000000,1.00000000,0.00000000,0.00000000,0.00000000,0.00000000,0.800000,0.100000,0.100000,LONG,6.000000,12.000000,72.000000,6.000000,12.000000,72.000000,LONG,0,0.000000,0.000000,0.000000,0.000000,72,1,,0.371667,6,0.011333,2.49819819,1.61742870,adaptive_quantile,0,0,0.1.4,1.0,0.1.2,0.1.0q,0.1.0,0.1.0,0.1.0,0.1
2025.07.22 16:45,US100,PERIOD_M5,Bid,23139.30000000,23139.30000000,23072.55000000,23074.43000000,120.00,21.11357143,31.032550,0.00091502,5,0,0,0,-0.00281820,-0.00329346,-0.00512328,3.16147375,-3.07243133,-0.94367039,-4.59873629,-4.67096567,-0.48407751,-0.55620414,0.31032550,0.05683548,0.99890745,0.04673287,0.00000000,0.00000000,0.00000000,0.00000000,0.00000000,1.00000000,0.00000000,0.00000000,0.800000,0.100000,0.100000,LONG,6.000000,12.000000,72.000000,6.000000,12.000000,72.000000,LONG,0,0.000000,0.000000,0.000000,0.000000,72,1,,0.371667,6,0.011333,4.59873628,1.61742870,adaptive_quantile,0,0,0.1.4,1.0,0.1.2,0.1.0q,0.1.0,0.1.0,0.1.0,0.1
2025.07.22 16:50,US100,PERIOD_M5,Bid,23074.68000000,23082.43000000,22974.18000000,22992.30000000,120.00,28.31000000,34.956846,0.00123128,5,0,0,0,-0.00356570,-0.00753926,-0.00888298,3.82373714,-2.90992594,-0.66521943,-5.72789240,-6.13431644,-0.60293603,-0.69629359,0.34956846,0.04238785,0.99904823,0.04361939,0.00000000,0.00000000,0.00000000,0.00000000,0.00000000,1.00000000,0.00000000,0.00000000,0.800000,0.100000,0.100000,LONG,6.000000,12.000000,72.000000,6.000000,12.000000,72.000000,LONG,0,0.000000,0.000000,0.000000,0.000000,72,1,,0.371667,6,0.011333,5.72789220,1.63095107,adaptive_quantile,0,0,0.1.4,1.0,0.1.2,0.1.0q,0.1.0,0.1.0,0.1.0,0.1
2025.07.22 16:55,US100,PERIOD_M5,Bid,22991.68000000,23033.55000000,22983.05000000,23002.93000000,120.00,31.45285714,38.357902,0.00136734,5,0,0,0,0.00046222,-0.00592168,-0.00834532,1.60557747,0.35767815,-0.21267326,-4.35876226,-4.98012209,-0.45881706,-0.62480456,0.38357902,0.03815234,0.99917930,0.04050549,0.00000000,0.00000000,0.00000000,0.00000000,0.00000000,1.00000000,0.00000000,0.00000000,0.800000,0.100000,0.100000,LONG,6.000000,12.000000,72.000000,6.000000,12.000000,72.000000,LONG,0,0.000000,0.000000,0.000000,0.000000,72,1,,0.371667,6,0.011333,4.35876207,1.63095107,adaptive_quantile,0,0,0.1.4,1.0,0.1.2,0.1.0q,0.1.0,0.1.0,0.1.0,0.1
2025.07.22 17:00,US100,PERIOD_M5,Bid,23002.68000000,23002.80000000,22971.80000000,22994.68000000,120.00,33.06928571,41.941927,0.00143813,5,0,0,0,-0.00035871,-0.00346219,-0.00872559,0.93742573,-0.24191633,0.47612903,-3.97659302,-4.79063368,-0.41858873,-0.63757092,0.41941926,0.03628745,0.99930072,0.03739119,0.00000000,0.00000000,0.00000000,0.00000000,0.00000000,1.00000000,0.00000000,0.00000000,0.800000,0.100000,0.100000,LONG,6.000000,12.000000,72.000000,6.000000,12.000000,72.000000,LONG,0,0.000000,0.000000,0.000000,0.000000,72,1,,0.371667,6,0.011333,3.97659300,1.63095107,adaptive_quantile,0,0,0.1.4,1.0,0.1.2,0.1.0q,0.1.0,0.1.0,0.1.0,0.1
2025.07.22 17:05,US100,PERIOD_M5,Bid,22995.18000000,23042.55000000,22994.18000000,23037.43000000,120.00,36.17642857,39.747736,0.00157033,5,0,0,0,0.00185740,0.00196091,-0.00684663,1.33705842,1.16788757,0.78829855,-2.21968889,-3.07207322,-0.23365146,-0.37625036,0.39747736,0.03317077,0.99941236,0.03427654,0.00000000,0.00000000,0.00000000,0.00000000,0.00000000,1.00000000,0.00000000,0.00000000,0.800000,0.100000,0.100000,LONG,6.000000,12.000000,72.000000,6.000000,12.000000,72.000000,LONG,0,0.000000,0.000000,0.000000,0.000000,72,1,,0.371667,6,0.011333,2.21968884,1.63691856,adaptive_quantile,0,0,0.1.4,1.0,0.1.2,0.1.0q,0.1.0,0.1.0,0.1.0,0.1
2025.07.22 17:10,US100,PERIOD_M5,Bid,23037.55000000,23048.80000000,23029.05000000,23042.55000000,120.00,37.11428571,36.230328,0.00161068,5,0,0,0,0.00022222,0.00172091,-0.00690460,0.53214014,0.13471901,0.36708862,-1.83272755,-2.74447227,-0.19291869,-0.34849536,0.36230329,0.03233256,0.99951434,0.03116155,0.00000000,0.00000000,0.00000000,0.00000000,0.00000000,1.00000000,0.00000000,0.00000000,0.800000,0.100000,0.100000,LONG,6.000000,12.000000,72.000000,6.000000,12.000000,72.000000,LONG,0,0.000000,0.000000,0.000000,0.000000,72,1,,0.371667,6,0.011333,1.83272759,1.75278417,adaptive_quantile,0,0,0.1.4,1.0,0.1.2,0.1.0q,0.1.0,0.1.0,0.1.0,0.1
2025.07.22 17:15,US100,PERIOD_M5,Bid,23042.55000000,23060.18000000,23030.55000000,23033.80000000,120.00,38.31142857,31.417998,0.00166327,5,0,1,1,-0.00037980,0.00169982,-0.00715509,0.77339846,-0.22839138,-0.78062773,-1.81300759,-2.77388549,-0.19084291,-0.37181151,0.31417999,0.03132224,0.99960661,0.02804626,0.00000000,0.00000000,0.00000000,0.00000000,0.00000000,1.00000000,0.00000000,1.00000000,0.800000,0.100000,0.100000,LONG,6.000000,12.000000,72.000000,6.000000,12.000000,72.000000,LONG,1,6.000000,12.000000,6.000000,12.000000,72,1,,0.371667,6,0.011333,1.81300760,1.83272759,adaptive_quantile,1,0,0.1.4,1.0,0.1.2,0.1.0q,0.1.0,0.1.0,0.1.0,0.1
2025.07.22 17:20,US100,PERIOD_M5,Bid,23034.05000000,23045.30000000,23024.05000000,23024.80000000,120.00,39.20428571,28.527961,0.00170270,3,0,1,1,-0.00039081,-0.00054839,-0.00756745,0.54203260,-0.23594359,-0.92941177,-1.81068552,-2.82497334,-0.19059847,-0.39576474,0.28527960,0.03060890,0.99968916,0.02493069,0.00000000,0.00000000,0.00000000,1.00000000,0.00000000,0.00000000,0.00000000,1.00000000,0.800000,0.100000,0.100000,LONG,6.000000,12.000000,72.000000,6.000000,12.000000,72.000000,LONG,1,6.000000,12.000000,6.000000,12.000000,72,1,,0.371667,6,0.011333,1.81068555,1.83272759,adaptive_quantile,1,1,0.1.4,1.0,0.1.2,0.1.0q,0.1.0,0.1.0,0.1.0,0.1
2025.07.22 17:25,US100,PERIOD_M5,Bid,23024.80000000,23033.30000000,23019.05000000,23030.30000000,120.00,39.78500000,27.413361,0.00172751,3,0,1,1,0.00023884,-0.00053177,-0.00753333,0.35817519,0.13824305,0.57894737,-1.48925006,-2.54175115,-0.15676315,-0.36159611,0.27413362,0.03016212,0.99976200,0.02181488,0.00000000,0.00000000,0.00000000,1.00000000,0.00000000,0.00000000,0.00000000,1.00000000,0.800000,0.100000,0.100000,LONG,6.000000,12.000000,72.000000,6.000000,12.000000,72.000000,LONG,1,6.000000,12.000000,6.000000,12.000000,72,1,,0.371667,6,0.011333,1.48925001,1.83272759,adaptive_quantile,1,2,0.1.4,1.0,0.1.2,0.1.0q,0.1.0,0.1.0,0.1.0,0.1
2025.07.22 17:30,US100,PERIOD_M5,Bid,23030.05000000,23064.43000000,23027.80000000,23063.55000000,120.00,41.80357143,24.979222,0.00181254,3,0,1,1,0.00144271,0.00129075,-0.00376509,0.87624091,0.80136693,0.95195198,-0.56271839,-1.55995905,-0.05923352,-0.17441925,0.24979222,0.02870568,0.99982518,0.01869887,0.00000000,0.00000000,0.00000000,1.00000000,0.00000000,0.00000000,0.00000000,1.00000000,0.800000,0.100000,0.100000,LONG,6.000000,12.000000,72.000000,6.000000,12.000000,72.000000,LONG,1,0.000000,0.000000,0.000000,0.000000,72,1,,0.371667,6,0.011333,0.56271840,1.83272759,adaptive_quantile,0,0,0.1.4,1.0,0.1.2,0.1.0q,0.1.0,0.1.0,0.1.0,0.1
2025.07.22 17:35,US100,PERIOD_M5,Bid,23063.55000000,23085.55000000,23062.55000000,23073.05000000,120.00,42.38428571,25.695156,0.00183696,3,0,1,1,0.00041182,0.00209337,-0.00403337,0.54265398,0.22413968,-0.08695652,-0.29935750,-1.26289928,-0.03151132,-0.12675951,0.25695157,0.02831238,0.99987859,0.01558267,0.00000000,0.00000000,0.00000000,1.00000000,0.00000000,0.00000000,0.00000000,1.00000000,0.800000,0.100000,0.100000,LONG,6.000000,12.000000,72.000000,6.000000,12.000000,72.000000,LONG,1,6.000000,12.000000,6.000000,12.000000,72,1,,0.371667,6,0.011333,0.29935751,1.83272759,adaptive_quantile,1,0,0.1.4,1.0,0.1.2,0.1.0q,0.1.0,0.1.0,0.1.0,0.1
2025.07.22 17:40,US100,PERIOD_M5,Bid,23073.18000000,23087.43000000,23065.55000000,23076.55000000,120.00,38.94714286,26.543786,0.00168774,3,0,1,1,0.00015168,0.00200621,-0.00272632,0.56178701,0.08652753,0.00548446,-0.21344317,-1.23411453,-0.02246770,-0.10890484,0.26543787,0.03081099,0.99992228,0.01246631,0.00000000,0.00000000,0.00000000,1.00000000,0.00000000,0.00000000,0.00000000,1.00000000,0.800000,0.100000,0.100000,LONG,6.000000,12.000000,72.000000,6.000000,12.000000,72.000000,LONG,1,6.000000,12.000000,6.000000,12.000000,72,1,,0.371667,6,0.011333,0.21344317,1.83272759,adaptive_quantile,1,1,0.1.4,1.0,0.1.2,0.1.0q,0.1.0,0.1.0,0.1.0,0.1
2025.07.22 17:45,US100,PERIOD_M5,Bid,23076.55000000,23089.05000000,23059.55000000,23064.93000000,120.00,39.10785714,26.172054,0.00169555,3,0,1,1,-0.00050367,0.00005983,-0.00041180,0.75432414,-0.29712698,-0.63525426,-0.46115083,-1.46632016,-0.04854219,-0.15668350,0.26172054,0.03068437,0.99995631,0.00934984,0.00000000,0.00000000,0.00000000,1.00000000,0.00000000,0.00000000,0.00000000,1.00000000,0.800000,0.100000,0.100000,LONG,6.000000,12.000000,72.000000,6.000000,12.000000,72.000000,LONG,1,6.000000,12.000000,6.000000,12.000000,72,1,,0.371667,6,0.011333,0.46115082,1.83272759,adaptive_quantile,1,2,0.1.4,1.0,0.1.2,0.1.0q,0.1.0,0.1.0,0.1.0,0.1
2025.07.22 17:50,US100,PERIOD_M5,Bid,23064.93000000,23070.05000000,23057.55000000,23063.55000000,120.00,36.68857143,24.958929,0.00159076,3,0,1,1,-0.00005983,-0.00041182,0.00309407,0.34070554,-0.03761389,-0.04000000,-0.47877604,-1.53785527,-0.05039748,-0.16242719,0.24958929,0.03270773,0.99998057,0.00623328,0.00000000,0.00000000,0.00000000,1.00000000,0.00000000,0.00000000,0.00000000,1.00000000,0.800000,0.100000,0.100000,LONG,6.000000,12.000000,72.000000,6.000000,12.000000,72.000000,LONG,1,0.000000,0.000000,0.000000,0.000000,72,1,,0.371667,6,0.011333,0.47877604,1.83272759,adaptive_quantile,0,0,0.1.4,1.0,0.1.2,0.1.0q,0.1.0,0.1.0,0.1.0,0.1
2025.07.22 17:55,US100,PERIOD_M5,Bid,23063.55000000,23090.68000000,23059.80000000,23085.30000000,120.00,34.10857143,26.190083,0.00147750,3,0,0,0,0.00094260,0.00037910,0.00357445,0.90534431,0.63766962,0.65155441,0.11099491,-0.97664708,0.01168367,-0.04197324,0.26190081,0.03518177,0.99999517,0.00311665,0.00000000,0.00000000,0.00000000,1.00000000,0.00000000,0.00000000,0.00000000,0.00000000,0.800000,0.100000,0.100000,LONG,6.000000,12.000000,72.000000,6.000000,12.000000,72.000000,LONG,0,0.000000,0.000000,0.000000,0.000000,72,1,,0.371667,6,0.011333,0.11099490,1.83272759,adaptive_quantile,0,0,0.1.4,1.0,0.1.2,0.1.0q,0.1.0,0.1.0,0.1.0,0.1
2025.07.22 18:00,US100,PERIOD_M5,Bid,23085.30000000,23090.80000000,23068.18000000,23076.55000000,120.00,27.99214286,27.273648,0.00121301,3,0,1,1,-0.00037910,0.00050367,0.00355407,0.80808389,-0.31258771,-0.25994694,-0.16045034,-1.44371033,-0.01688951,-0.08313502,0.27273649,0.04286917,1.00000000,0.00000000,0.00000000,0.00000000,0.00000000,1.00000000,0.00000000,0.00000000,0.00000000,1.00000000,0.800000,0.100000,0.100000,LONG,6.000000,12.000000,72.000000,6.000000,12.000000,72.000000,LONG,1,6.000000,12.000000,6.000000,12.000000,72,1,,0.371667,6,0.011333,0.16045034,1.83272759,adaptive_quantile,0,0,0.1.4,1.0,0.1.2,0.1.0q,0.1.0,0.1.0,0.1.0,0.1
2025.07.22 18:05,US100,PERIOD_M5,Bid,23076.80000000,23088.68000000,23074.93000000,23077.05000000,120.00,25.36714286,28.212738,0.00109924,3,0,1,1,0.00002167,0.00058517,0.00171833,0.54203975,0.00985527,-0.69163638,-0.14235818,-1.51169360,-0.01498507,-0.08027875,0.28212738,0.04730529,0.99999517,-0.00311665,0.00000000,0.00000000,0.00000000,1.00000000,0.00000000,0.00000000,0.00000000,1.00000000,0.800000,0.100000,0.100000,LONG,6.000000,12.000000,72.000000,6.000000,12.000000,72.000000,LONG,1,6.000000,12.000000,6.000000,12.000000,72,1,,0.371667,6,0.011333,0.14235818,1.83272759,adaptive_quantile,0,0,0.1.4,1.0,0.1.2,0.1.0q,0.1.0,0.1.0,0.1.0,0.1
2025.07.22 18:10,US100,PERIOD_M5,Bid,23077.30000000,23086.43000000,23066.68000000,23068.55000000,120.00,24.55428571,26.067806,0.00106441,3,0,1,1,-0.00036840,-0.00072583,0.00112771,0.80434024,-0.35635328,-0.81063288,-0.44626713,-1.83308923,-0.04697549,-0.12263619,0.26067805,0.04887130,0.99998057,-0.00623328,0.00000000,0.00000000,0.00000000,1.00000000,0.00000000,0.00000000,0.00000000,1.00000000,0.800000,0.100000,0.100000,LONG,6.000000,12.000000,72.000000,6.000000,12.000000,72.000000,LONG,1,6.000000,12.000000,6.000000,12.000000,72,1,,0.371667,6,0.011333,0.44626714,1.83272759,adaptive_quantile,1,0,0.1.4,1.0,0.1.2,0.1.0q,0.1.0,0.1.0,0.1.0,0.1
2025.07.22 18:15,US100,PERIOD_M5,Bid,23068.55000000,23078.93000000,23055.80000000,23078.43000000,120.00,22.75142857,23.617434,0.00098583,3,0,1,1,0.00042820,0.00008146,0.00193571,1.01663947,0.43425843,0.95676613,-0.04285999,-1.48353505,-0.00451158,-0.06144436,0.23617433,0.05274394,0.99995631,-0.00934984,0.00000000,0.00000000,0.00000000,1.00000000,0.00000000,0.00000000,0.00000000,1.00000000,0.800000,0.100000,0.100000,LONG,6.000000,12.000000,72.000000,6.000000,12.000000,72.000000,LONG,1,6.000000,12.000000,6.000000,12.000000,72,1,,0.371667,6,0.011333,0.04285999,1.83272759,adaptive_quantile,1,1,0.1.4,1.0,0.1.2,0.1.0q,0.1.0,0.1.0,0.1.0,0.1
2025.07.22 18:20,US100,PERIOD_M5,Bid,23078.80000000,23084.30000000,23064.55000000,23068.05000000,120.00,22.75142857,20.957121,0.00098627,3,0,1,1,-0.00044987,-0.00039007,0.00187665,0.86807734,-0.47249779,-0.64556962,-0.45156223,-1.86370063,-0.04753286,-0.11596359,0.20957121,0.05274394,0.99992228,-0.01246631,0.00000000,0.00000000,0.00000000,1.00000000,0.00000000,0.00000000,0.00000000,1.00000000,0.800000,0.100000,0.100000,LONG,6.000000,12.000000,72.000000,6.000000,12.000000,72.000000,LONG,1,6.000000,12.000000,6.000000,12.000000,72,1,,0.371667,6,0.011333,0.45156221,1.83272759,adaptive_quantile,1,2,0.1.4,1.0,0.1.2,0.1.0q,0.1.0,0.1.0,0.1.0,0.1
2025.07.22 18:25,US100,PERIOD_M5,Bid,23068.05000000,23077.18000000,23066.30000000,23068.80000000,120.00,21.41214286,18.651517,0.00092819,1,0,0,0,0.00003251,0.00001084,0.00167032,0.50812292,0.03502686,-0.54044116,-0.40241969,-1.86896038,-0.04235997,-0.11094213,0.18651517,0.05604297,0.99987859,-0.01558267,0.00000000,1.00000000,0.00000000,0.00000000,0.00000000,0.00000000,0.00000000,0.00000000,0.800000,0.100000,0.100000,LONG,6.000000,12.000000,72.000000,6.000000,12.000000,72.000000,LONG,0,0.000000,0.000000,0.000000,0.000000,72,1,,0.371667,6,0.011333,0.40241968,1.83272759,adaptive_quantile,0,0,0.1.4,1.0,0.1.2,0.1.0q,0.1.0,0.1.0,0.1.0,0.1
2025.07.22 18:30,US100,PERIOD_M5,Bid,23068.80000000,23094.30000000,23065.18000000,23093.55000000,120.00,21.97428571,19.644313,0.00095153,1,0,0,0,0.00107230,0.00065494,0.00129991,1.32518530,1.12631643,0.94848901,0.66426843,-0.66758412,0.06992299,0.04221775,0.19644313,0.05460928,0.99982518,-0.01869887,0.00000000,1.00000000,0.00000000,0.00000000,0.00000000,0.00000000,0.00000000,0.00000000,0.800000,0.100000,0.100000,LONG,6.000000,12.000000,72.000000,6.000000,12.000000,72.000000,LONG,0,0.000000,0.000000,0.000000,0.000000,72,1,,0.371667,6,0.011333,0.66426844,1.83272759,adaptive_quantile,0,0,0.1.4,1.0,0.1.2,0.1.0q,0.1.0,0.1.0,0.1.0,0.1
2025.07.22 18:35,US100,PERIOD_M5,Bid,23093.80000000,23093.80000000,23074.80000000,23081.18000000,120.00,22.31357143,20.504737,0.00096674,3,0,0,0,-0.00053579,0.00056902,0.00035230,0.85149974,-0.56557506,-0.32842106,0.09029240,-1.16428268,0.00950446,-0.02977754,0.20504737,0.05377893,0.99976200,-0.02181488,0.00000000,0.00000000,0.00000000,1.00000000,0.00000000,0.00000000,0.00000000,0.00000000,0.800000,0.100000,0.100000,LONG,6.000000,12.000000,72.000000,6.000000,12.000000,72.000000,LONG,0,0.000000,0.000000,0.000000,0.000000,72,1,,0.371667,6,0.011333,0.09029240,1.83272759,adaptive_quantile,0,0,0.1.4,1.0,0.1.2,0.1.0q,0.1.0,0.1.0,0.1.0,0.1
2025.07.22 18:40,US100,PERIOD_M5,Bid,23081.30000000,23085.93000000,23071.18000000,23075.80000000,120.00,20.75071429,19.323876,0.00089924,1,0,0,0,-0.00023312,0.00030339,-0.00003250,0.71081889,-0.26505113,-0.37355933,-0.14673007,-1.45197546,-0.01544527,-0.06018534,0.19323877,0.05782934,0.99968916,-0.02493069,0.00000000,1.00000000,0.00000000,0.00000000,0.00000000,0.00000000,0.00000000,0.00000000,0.800000,0.100000,0.100000,LONG,6.000000,12.000000,72.000000,6.000000,12.000000,72.000000,LONG,0,0.000000,0.000000,0.000000,0.000000,72,1,,0.371667,6,0.011333,0.14673007,1.83272759,adaptive_quantile,0,0,0.1.4,1.0,0.1.2,0.1.0q,0.1.0,0.1.0,0.1.0,0.1
2025.07.22 18:45,US100,PERIOD_M5,Bid,23075.80000000,23095.68000000,23070.80000000,23083.30000000,120.00,20.88500000,20.353945,0.00090477,3,0,0,0,0.00032496,-0.00044395,0.00079613,1.19128561,0.35910940,0.00482315,0.19300632,-1.04103875,0.02031646,-0.01254323,0.20353945,0.05745751,0.99960661,-0.02804626,0.00000000,0.00000000,0.00000000,1.00000000,0.00000000,0.00000000,0.00000000,0.00000000,0.800000,0.100000,0.100000,LONG,6.000000,12.000000,72.000000,6.000000,12.000000,72.000000,LONG,0,0.000000,0.000000,0.000000,0.000000,72,1,,0.371667,6,0.011333,0.19300633,1.83272759,adaptive_quantile,0,0,0.1.4,1.0,0.1.2,0.1.0q,0.1.0,0.1.0,0.1.0,0.1
2025.07.22 18:50,US100,PERIOD_M5,Bid,23082.80000000,23089.80000000,23072.68000000,23076.05000000,120.00,20.54500000,21.246672,0.00089032,3,0,1,1,-0.00031413,-0.00022228,0.00054183,0.83329278,-0.32854709,-0.60630840,-0.14176127,-1.35581172,-0.01492224,-0.05667312,0.21246672,0.05840837,0.99951434,-0.03116155,0.00000000,0.00000000,0.00000000,1.00000000,0.00000000,0.00000000,0.00000000,1.00000000,0.800000,0.100000,0.100000,LONG,6.000000,12.000000,72.000000,6.000000,12.000000,72.000000,LONG,1,6.000000,12.000000,6.000000,12.000000,72,1,,0.371667,6,0.011333,0.14176128,1.83272759,adaptive_quantile,1,0,0.1.4,1.0,0.1.2,0.1.0q,0.1.0,0.1.0,0.1.0,0.1
2025.07.22 18:55,US100,PERIOD_M5,Bid,23076.05000000,23080.93000000,23062.68000000,23067.55000000,120.00,19.74142857,18.957453,0.00085581,1,0,0,0,-0.00036842,-0.00035758,-0.00076918,0.92445183,-0.43056661,-0.46630138,-0.52304131,-1.76934803,-0.05505698,-0.10705838,0.18957452,0.06078587,0.99941236,-0.03427654,0.00000000,1.00000000,0.00000000,0.00000000,0.00000000,0.00000000,0.00000000,0.00000000,0.800000,0.100000,0.100000,LONG,6.000000,12.000000,72.000000,6.000000,12.000000,72.000000,LONG,0,6.000000,12.000000,6.000000,12.000000,72,1,,0.371667,6,0.011333,0.52304128,1.83272759,adaptive_quantile,1,1,0.1.4,1.0,0.1.2,0.1.0q,0.1.0,0.1.0,0.1.0,0.1
2025.07.22 19:00,US100,PERIOD_M5,Bid,23067.55000000,23073.80000000,23050.80000000,23073.05000000,120.00,20.49142857,19.664527,0.00088811,1,0,0,0,0.00023840,-0.00044414,-0.00015168,1.12242055,0.26840490,0.93478262,-0.21306483,-1.37986290,-0.02242788,-0.06733286,0.19664527,0.05856107,0.99930072,-0.03739119,0.00000000,1.00000000,0.00000000,0.00000000,0.00000000,0.00000000,0.00000000,0.00000000,0.800000,0.100000,0.100000,LONG,6.000000,12.000000,72.000000,6.000000,12.000000,72.000000,LONG,0,6.000000,12.000000,6.000000,12.000000,72,1,,0.371667,6,0.011333,0.21306483,1.83272759,adaptive_quantile,1,2,0.1.4,1.0,0.1.2,0.1.0q,0.1.0,0.1.0,0.1.0,0.1
2025.07.22 19:05,US100,PERIOD_M5,Bid,23073.18000000,23077.93000000,23063.30000000,23073.30000000,120.00,19.33071429,18.336476,0.00083780,1,0,0,0,0.00001084,-0.00011918,-0.00016251,0.75682664,0.00620774,0.36705399,-0.19264692,-1.39292979,-0.02027862,-0.06546132,0.18336476,0.06207737,0.99917930,-0.04050549,0.00000000,1.00000000,0.00000000,0.00000000,0.00000000,0.00000000,0.00000000,0.00000000,0.800000,0.100000,0.100000,LONG,6.000000,12.000000,72.000000,6.000000,12.000000,72.000000,LONG,0,0.000000,0.000000,0.000000,0.000000,72,1,,0.371667,6,0.011333,0.19264692,1.83272759,adaptive_quantile,0,0,0.1.4,1.0,0.1.2,0.1.0q,0.1.0,0.1.0,0.1.0,0.1
2025.07.22 19:10,US100,PERIOD_M5,Bid,23073.30000000,23074.55000000,23057.05000000,23063.55000000,120.00,18.96500000,18.943634,0.00082229,1,0,0,0,-0.00042266,-0.00017342,-0.00021677,0.92275244,-0.51410490,-0.25714287,-0.64280325,-1.85805643,-0.06766351,-0.12956521,0.18943635,0.06327445,0.99904823,-0.04361939,0.00000000,1.00000000,0.00000000,0.00000000,0.00000000,0.00000000,0.00000000,0.00000000,0.800000,0.100000,0.100000,LONG,6.000000,12.000000,72.000000,6.000000,12.000000,72.000000,LONG,0,0.000000,0.000000,0.000000,0.000000,72,1,,0.371667,6,0.011333,0.64280328,1.83272759,adaptive_quantile,0,0,0.1.4,1.0,0.1.2,0.1.0q,0.1.0,0.1.0,0.1.0,0.1
2025.07.22 19:15,US100,PERIOD_M5,Bid,23063.55000000,23085.43000000,23063.30000000,23078.55000000,120.00,19.56357143,16.450838,0.00084769,1,0,0,0,0.00065017,0.00023834,0.00000520,1.13118410,0.76673114,0.37821960,0.12991950,-0.99390811,0.01367574,-0.01429366,0.16450837,0.06133849,0.99890745,-0.04673287,0.00000000,1.00000000,0.00000000,0.00000000,0.00000000,0.00000000,0.00000000,0.00000000,0.800000,0.100000,0.100000,LONG,6.000000,12.000000,72.000000,6.000000,12.000000,72.000000,LONG,0,0.000000,0.000000,0.000000,0.000000,72,1,,0.371667,6,0.011333,0.12991950,1.83272759,adaptive_quantile,0,0,0.1.4,1.0,0.1.2,0.1.0q,0.1.0,0.1.0,0.1.0,0.1
2025.07.22 19:20,US100,PERIOD_M5,Bid,23078.55000000,23081.43000000,23063.43000000,23063.80000000,120.00,19.43857143,14.290414,0.00084282,1,0,0,0,-0.00063933,-0.00041182,-0.00018425,0.92599398,-0.75880063,-0.95888889,-0.56823176,-1.69011569,-0.05981387,-0.11042777,0.14290413,0.06173293,0.99875695,-0.04984589,0.00000000,1.00000000,0.00000000,0.00000000,0.00000000,0.00000000,0.00000000,0.00000000,0.800000,0.100000,0.100000,LONG,6.000000,12.000000,72.000000,6.000000,12.000000,72.000000,LONG,0,0.000000,0.000000,0.000000,0.000000,72,1,,0.371667,6,0.011333,0.56823179,1.81300760,adaptive_quantile,0,0,0.1.4,1.0,0.1.2,0.1.0q,0.1.0,0.1.0,0.1.0,0.1
2025.07.22 19:25,US100,PERIOD_M5,Bid,23063.80000000,23064.55000000,23025.30000000,23033.80000000,120.00,20.59000000,16.779533,0.00089390,1,1,0,1,-0.00130159,-0.00129075,-0.00151835,1.90626514,-1.45701802,-0.56687897,-1.80361867,-2.93290901,-0.18985459,-0.26700982,0.16779533,0.05828072,0.99859673,-0.05295843,0.00000000,1.00000000,0.00000000,0.00000000,0.00000000,0.00000000,1.00000000,0.00000000,0.800000,0.100000,0.100000,LONG,6.000000,12.000000,72.000000,6.000000,12.000000,72.000000,LONG,0,6.000000,12.000000,6.000000,12.000000,72,1,,0.371667,6,0.011333,1.80361866,1.81068555,adaptive_quantile,1,0,0.1.4,1.0,0.1.2,0.1.0q,0.1.0,0.1.0,0.1.0,0.1
2025.07.22 19:30,US100,PERIOD_M5,Bid,23033.80000000,23051.18000000,23028.05000000,23044.80000000,120.00,20.83142857,18.936769,0.00090395,1,0,0,0,0.00047745,-0.00146347,-0.00211321,1.11034155,0.52804828,0.44833550,-1.13517499,-2.27789402,-0.11949211,-0.18466923,0.18936768,0.05760527,0.99842680,-0.05607045,0.00000000,1.00000000,0.00000000,0.00000000,0.00000000,0.00000000,0.00000000,0.00000000,0.800000,0.100000,0.100000,LONG,6.000000,12.000000,72.000000,6.000000,12.000000,72.000000,LONG,0,6.000000,12.000000,6.000000,12.000000,72,1,,0.371667,6,0.011333,1.13517500,1.81068555,adaptive_quantile,1,1,0.1.4,1.0,0.1.2,0.1.0q,0.1.0,0.1.0,0.1.0,0.1
2025.07.22 19:35,US100,PERIOD_M5,Bid,23044.80000000,23047.30000000,23037.05000000,23041.05000000,120.00,20.78642857,20.806373,0.00090215,3,0,1,1,-0.00016274,-0.00098688,-0.00174016,0.49311021,-0.18040617,-0.21951219,-1.19251120,-2.36663437,-0.12552749,-0.20366910,0.20806374,0.05772997,0.99824721,-0.05918192,0.00000000,0.00000000,0.00000000,1.00000000,0.00000000,0.00000000,0.00000000,1.00000000,0.800000,0.100000,0.100000,LONG,6.000000,12.000000,72.000000,6.000000,12.000000,72.000000,LONG,1,6.000000,12.000000,6.000000,12.000000,72,1,,0.371667,6,0.011333,1.19251119,1.81068555,adaptive_quantile,1,2,0.1.4,1.0,0.1.2,0.1.0q,0.1.0,0.1.0,0.1.0,0.1
2025.07.22 19:40,US100,PERIOD_M5,Bid,23041.05000000,23044.93000000,23020.80000000,23036.80000000,120.00,20.43000000,24.757608,0.00088684,3,0,1,1,-0.00018447,0.00013023,-0.00169151,1.18110621,-0.20802741,0.32615003,-1.28597748,-2.51336455,-0.13536605,-0.22569194,0.24757607,0.05873715,0.99805790,-0.06229283,0.00000000,0.00000000,0.00000000,1.00000000,0.00000000,0.00000000,0.00000000,1.00000000,0.800000,0.100000,0.100000,LONG,6.000000,12.000000,72.000000,6.000000,12.000000,72.000000,LONG,1,0.000000,0.000000,0.000000,0.000000,72,1,,0.371667,6,0.011333,1.28597749,1.81068555,adaptive_quantile,0,0,0.1.4,1.0,0.1.2,0.1.0q,0.1.0,0.1.0,0.1.0,0.1
2025.07.22 19:45,US100,PERIOD_M5,Bid,23036.18000000,23041.80000000,23025.18000000,23041.05000000,120.00,20.26000000,28.182011,0.00087930,3,0,1,1,0.00018447,-0.00016274,-0.00183200,0.82033563,0.24037512,0.90974730,-0.98347175,-2.23351693,-0.10352334,-0.19024326,0.28182012,0.05923001,0.99785894,-0.06540313,0.00000000,0.00000000,0.00000000,1.00000000,0.00000000,0.00000000,0.00000000,1.00000000,0.800000,0.100000,0.100000,LONG,6.000000,12.000000,72.000000,6.000000,12.000000,72.000000,LONG,1,6.000000,12.000000,6.000000,12.000000,72,1,,0.371667,6,0.011333,0.98347173,1.81068555,adaptive_quantile,1,0,0.1.4,1.0,0.1.2,0.1.0q,0.1.0,0.1.0,0.1.0,0.1
2025.07.22 19:50,US100,PERIOD_M5,Bid,23041.05000000,23060.80000000,23035.80000000,23057.55000000,120.00,20.99214286,25.503225,0.00091042,3,0,1,1,0.00071586,0.00071586,-0.00080202,1.19092178,0.78600836,0.74000001,-0.14762351,-1.31590009,-0.01553932,-0.06184491,0.25503224,0.05716424,0.99765027,-0.06851279,0.00000000,0.00000000,0.00000000,1.00000000,0.00000000,0.00000000,0.00000000,1.00000000,0.800000,0.100000,0.100000,LONG,6.000000,12.000000,72.000000,6.000000,12.000000,72.000000,LONG,1,6.000000,12.000000,6.000000,12.000000,72,1,,0.371667,6,0.011333,0.14762351,1.81068555,adaptive_quantile,1,1,0.1.4,1.0,0.1.2,0.1.0q,0.1.0,0.1.0,0.1.0,0.1
2025.07.22 19:55,US100,PERIOD_M5,Bid,23057.55000000,23061.80000000,23047.55000000,23059.55000000,120.00,20.23285714,22.761951,0.00087742,3,0,1,1,0.00008674,0.00098706,-0.00034687,0.70429993,0.09884911,0.68421054,-0.04914152,-1.21676910,-0.00517279,-0.04709999,0.22761951,0.05930947,0.99743187,-0.07162179,0.00000000,0.00000000,0.00000000,1.00000000,0.00000000,0.00000000,0.00000000,1.00000000,0.800000,0.100000,0.100000,LONG,6.000000,12.000000,72.000000,6.000000,12.000000,72.000000,LONG,1,6.000000,12.000000,6.000000,12.000000,72,1,,0.371667,6,0.011333,0.04914152,1.81068555,adaptive_quantile,1,2,0.1.4,1.0,0.1.2,0.1.0q,0.1.0,0.1.0,0.1.0,0.1
2025.07.22 20:00,US100,PERIOD_M5,Bid,23058.68000000,23067.30000000,23057.68000000,23065.80000000,120.00,19.69714286,22.074897,0.00085395,3,0,0,0,0.00027100,0.00107359,-0.00031427,0.48839572,0.36147374,0.68814969,0.24141477,-0.89598650,0.02541208,-0.00035136,0.22074898,0.06092254,0.99720383,-0.07473009,0.00000000,0.00000000,0.00000000,1.00000000,0.00000000,0.00000000,0.00000000,0.00000000,0.800000,0.100000,0.100000,LONG,6.000000,12.000000,72.000000,6.000000,12.000000,72.000000,LONG,0,0.000000,0.000000,0.000000,0.000000,72,1,,0.371667,6,0.011333,0.24141477,1.81068555,adaptive_quantile,0,0,0.1.4,1.0,0.1.2,0.1.0q,0.1.0,0.1.0,0.1.0,0.1
2025.07.22 20:05,US100,PERIOD_M5,Bid,23065.80000000,23069.55000000,23056.30000000,23058.80000000,120.00,19.34000000,22.233023,0.00083873,3,0,1,1,-0.00030353,0.00005421,-0.00062863,0.68510860,-0.36194417,-0.62264150,-0.10501688,-1.22449696,-0.01105441,-0.05143150,0.22233023,0.06204757,0.99696606,-0.07783767,0.00000000,0.00000000,0.00000000,1.00000000,0.00000000,0.00000000,0.00000000,1.00000000,0.800000,0.100000,0.100000,LONG,6.000000,12.000000,72.000000,6.000000,12.000000,72.000000,LONG,1,6.000000,12.000000,6.000000,12.000000,72,1,,0.371667,6,0.011333,0.10501688,1.80361866,adaptive_quantile,1,0,0.1.4,1.0,0.1.2,0.1.0q,0.1.0,0.1.0,0.1.0,0.1
2025.07.22 20:10,US100,PERIOD_M5,Bid,23058.80000000,23066.30000000,23058.05000000,23062.80000000,120.00,18.28642857,22.370066,0.00079290,3,0,0,0,0.00017345,0.00014093,-0.00003252,0.45115426,0.21874146,0.15151516,0.09741936,-1.03409684,0.01025467,-0.01937721,0.22370066,0.06562243,0.99671859,-0.08094449,0.00000000,0.00000000,0.00000000,1.00000000,0.00000000,0.00000000,0.00000000,0.00000000,0.800000,0.100000,0.100000,LONG,6.000000,12.000000,72.000000,6.000000,12.000000,72.000000,LONG,0,6.000000,12.000000,6.000000,12.000000,72,1,,0.371667,6,0.011333,0.09741936,1.80361866,adaptive_quantile,1,1,0.1.4,1.0,0.1.2,0.1.0q,0.1.0,0.1.0,0.1.0,0.1
2025.07.22 20:15,US100,PERIOD_M5,Bid,23062.93000000,23075.30000000,23062.93000000,23075.05000000,120.00,18.13428571,25.344954,0.00078588,3,0,0,0,0.00053102,0.00040095,-0.00015167,0.68213332,0.66834724,0.95957965,0.70006198,-0.35285443,0.07369073,0.07375344,0.25344953,0.06617299,0.99646151,-0.08405052,0.00000000,0.00000000,0.00000000,1.00000000,0.00000000,0.00000000,0.00000000,0.00000000,0.800000,0.100000,0.100000,LONG,6.000000,12.000000,72.000000,6.000000,12.000000,72.000000,LONG,0,6.000000,12.000000,6.000000,12.000000,72,1,,0.371667,6,0.011333,0.70006195,1.57859837,adaptive_quantile,1,2,0.1.4,1.0,0.1.2,0.1.0q,0.1.0,0.1.0,0.1.0,0.1
2025.07.22 20:20,US100,PERIOD_M5,Bid,23075.05000000,23085.30000000,23072.80000000,23080.55000000,120.00,17.77714286,29.867094,0.00077022,3,0,0,0,0.00023832,0.00094280,0.00072598,0.70315009,0.30938604,0.23999999,0.92603487,-0.04857460,0.09747735,0.11293869,0.29867095,0.06750241,0.99619472,-0.08715574,0.00000000,0.00000000,0.00000000,1.00000000,0.00000000,0.00000000,0.00000000,0.00000000,0.800000,0.100000,0.100000,LONG,6.000000,12.000000,72.000000,6.000000,12.000000,72.000000,LONG,0,0.000000,0.000000,0.000000,0.000000,72,1,,0.371667,6,0.011333,0.92603489,1.53345054,adaptive_quantile,0,0,0.1.4,1.0,0.1.2,0.1.0q,0.1.0,0.1.0,0.1.0,0.1
2025.07.22 20:25,US100,PERIOD_M5,Bid,23080.30000000,23111.18000000,23079.68000000,23104.55000000,120.00,18.44642857,35.078969,0.00079839,5,0,0,0,0.00103930,0.00180864,0.00306687,1.70764768,1.31461763,0.57904762,1.98459589,1.20506632,0.20890483,0.26004592,0.35078970,0.06505324,0.99591821,-0.09026011,0.00000000,0.00000000,0.00000000,0.00000000,0.00000000,1.00000000,0.00000000,0.00000000,0.800000,0.100000,0.100000,LONG,6.000000,12.000000,72.000000,6.000000,12.000000,72.000000,LONG,0,0.000000,0.000000,0.000000,0.000000,72,1,,0.371667,6,0.011333,1.98459590,1.51157509,adaptive_quantile,0,0,0.1.4,1.0,0.1.2,0.1.0q,0.1.0,0.1.0,0.1.0,0.1
2025.07.22 20:30,US100,PERIOD_M5,Bid,23104.55000000,23108.80000000,23097.55000000,23099.68000000,120.00,17.96428571,39.595927,0.00077769,5,0,0,0,-0.00021080,0.00106682,0.00237862,0.62624252,-0.27109343,-0.62133336,1.59850347,0.92842084,0.16826352,0.21597938,0.39595926,0.06679920,0.99563205,-0.09336361,0.00000000,0.00000000,0.00000000,0.00000000,0.00000000,1.00000000,0.00000000,0.00000000,0.800000,0.100000,0.100000,LONG,6.000000,12.000000,72.000000,6.000000,12.000000,72.000000,LONG,0,0.000000,0.000000,0.000000,0.000000,72,1,,0.371667,6,0.011333,1.59850344,1.57859837,adaptive_quantile,0,0,0.1.4,1.0,0.1.2,0.1.0q,0.1.0,0.1.0,0.1.0,0.1
2025.07.22 20:35,US100,PERIOD_M5,Bid,23099.80000000,23102.93000000,23095.80000000,23097.68000000,120.00,15.67000000,41.562704,0.00067842,5,0,0,0,-0.00008659,0.00074191,0.00245477,0.45500958,-0.13529037,-0.47265077,1.54253948,0.89998680,0.16237257,0.19745819,0.41562703,0.07657945,0.99533623,-0.09646620,0.00000000,0.00000000,0.00000000,0.00000000,0.00000000,1.00000000,0.00000000,0.00000000,0.800000,0.100000,0.100000,LONG,6.000000,12.000000,72.000000,6.000000,12.000000,72.000000,LONG,0,0.000000,0.000000,0.000000,0.000000,72,1,,0.371667,6,0.011333,1.54253951,1.59850344,adaptive_quantile,0,0,0.1.4,1.0,0.1.2,0.1.0q,0.1.0,0.1.0,0.1.0,0.1
2025.07.22 20:40,US100,PERIOD_M5,Bid,23097.55000000,23098.05000000,23075.05000000,23081.68000000,120.00,15.66071429,37.745185,0.00067849,5,0,0,0,-0.00069295,-0.00099034,0.00194629,1.46864307,-1.01336372,-0.42347828,0.47209513,-0.11639357,0.04969423,0.05854981,0.37745184,0.07662486,0.99503076,-0.09956785,0.00000000,0.00000000,0.00000000,0.00000000,0.00000000,1.00000000,0.00000000,0.00000000,0.800000,0.100000,0.100000,LONG,6.000000,12.000000,72.000000,6.000000,12.000000,72.000000,LONG,0,0.000000,0.000000,0.000000,0.000000,72,1,,0.371667,6,0.011333,0.47209514,1.59850344,adaptive_quantile,0,0,0.1.4,1.0,0.1.2,0.1.0q,0.1.0,0.1.0,0.1.0,0.1
2025.07.22 20:45,US100,PERIOD_M5,Bid,23081.80000000,23083.30000000,23074.55000000,23077.18000000,120.00,15.55357143,34.147065,0.00067398,5,0,0,0,-0.00019498,-0.00097451,0.00156684,0.56257176,-0.29703790,-0.39885715,0.16830799,-0.39057609,0.01771663,0.02261963,0.34147066,0.07715270,0.99471563,-0.10266853,0.00000000,0.00000000,0.00000000,0.00000000,0.00000000,1.00000000,0.00000000,0.00000000,0.800000,0.100000,0.100000,LONG,6.000000,12.000000,72.000000,6.000000,12.000000,72.000000,LONG,0,0.000000,0.000000,0.000000,0.000000,72,1,,0.371667,6,0.011333,0.16830798,1.57859837,adaptive_quantile,0,0,0.1.4,1.0,0.1.2,0.1.0q,0.1.0,0.1.0,0.1.0,0.1
2025.07.22 20:50,US100,PERIOD_M5,Bid,23077.30000000,23079.80000000,23068.30000000,23074.18000000,120.00,14.65142857,30.733319,0.00063497,5,0,0,0,-0.00013001,-0.00101794,0.00072098,0.78490639,-0.21294852,0.02260870,-0.02360240,-0.59509397,-0.00248446,-0.00170797,0.30733320,0.08190328,0.99439079,-0.10576822,0.00000000,0.00000000,0.00000000,0.00000000,0.00000000,1.00000000,0.00000000,0.00000000,0.800000,0.100000,0.100000,LONG,6.000000,12.000000,72.000000,6.000000,12.000000,72.000000,LONG,0,0.000000,0.000000,0.000000,0.000000,72,1,,0.371667,6,0.011333,0.02360240,1.54253951,adaptive_quantile,0,0,0.1.4,1.0,0.1.2,0.1.0q,0.1.0,0.1.0,0.1.0,0.1
2025.07.22 20:55,US100,PERIOD_M5,Bid,23074.18000000,23080.80000000,23073.30000000,23078.30000000,120.00,14.00000000,27.094307,0.00060663,3,0,0,0,0.00017854,-0.00014645,0.00081278,0.53571427,0.29428571,0.33333334,0.24391031,-0.31561604,0.02567477,0.03233828,0.27094308,0.08571429,0.99405634,-0.10886688,0.00000000,0.00000000,0.00000000,1.00000000,0.00000000,0.00000000,0.00000000,0.00000000,0.800000,0.100000,0.100000,LONG,6.000000,12.000000,72.000000,6.000000,12.000000,72.000000,LONG,0,0.000000,0.000000,0.000000,0.000000,72,1,,0.371667,6,0.011333,0.24391031,1.54253951,adaptive_quantile,0,0,0.1.4,1.0,0.1.2,0.1.0q,0.1.0,0.1.0,0.1.0,0.1
2025.07.22 21:00,US100,PERIOD_M5,Bid,23078.30000000,23090.55000000,23075.30000000,23079.30000000,120.00,13.30357143,25.870057,0.00057643,3,0,0,0,0.00004333,0.00009186,0.00058511,1.14630878,0.07516778,-0.47540984,0.30024213,-0.24689317,0.03160444,0.04085942,0.25870058,0.09020134,0.99371219,-0.11196448,0.00000000,0.00000000,0.00000000,1.00000000,0.00000000,0.00000000,0.00000000,0.00000000,0.800000,0.100000,0.100000,LONG,6.000000,12.000000,72.000000,6.000000,12.000000,72.000000,LONG,0,0.000000,0.000000,0.000000,0.000000,72,1,,0.371667,6,0.011333,0.30024212,1.54253951,adaptive_quantile,0,0,0.1.4,1.0,0.1.2,0.1.0q,0.1.0,0.1.0,0.1.0,0.1
2025.07.22 21:05,US100,PERIOD_M5,Bid,23079.05000000,23087.80000000,23076.30000000,23087.68000000,120.00,13.10714286,24.809041,0.00056771,3,0,0,0,0.00036303,0.00058490,0.00125167,0.87738419,0.65841961,0.97913045,0.85417461,0.37350765,0.08991311,0.11147080,0.24809040,0.09155314,0.99335843,-0.11506099,0.00000000,0.00000000,0.00000000,1.00000000,0.00000000,0.00000000,0.00000000,0.00000000,0.800000,0.100000,0.100000,LONG,6.000000,12.000000,72.000000,6.000000,12.000000,72.000000,LONG,0,0.000000,0.000000,0.000000,0.000000,72,1,,0.371667,6,0.011333,0.85417460,1.54253951,adaptive_quantile,0,0,0.1.4,1.0,0.1.2,0.1.0q,0.1.0,0.1.0,0.1.0,0.1
2025.07.22 21:10,US100,PERIOD_M5,Bid,23087.55000000,23089.05000000,23077.30000000,23079.05000000,120.00,13.25928571,24.368123,0.00057452,3,0,0,0,-0.00037386,0.00003250,0.00070435,0.88617140,-0.64106017,-0.70212764,0.17507939,-0.27059796,0.01842941,0.02757193,0.24368124,0.09050261,0.99299502,-0.11815639,0.00000000,0.00000000,0.00000000,1.00000000,0.00000000,0.00000000,0.00000000,0.00000000,0.800000,0.100000,0.100000,LONG,6.000000,12.000000,72.000000,6.000000,12.000000,72.000000,LONG,0,0.000000,0.000000,0.000000,0.000000,72,1,,0.371667,6,0.011333,0.17507939,1.54253951,adaptive_quantile,0,0,0.1.4,1.0,0.1.2,0.1.0q,0.1.0,0.1.0,0.1.0,0.1
2025.07.22 21:15,US100,PERIOD_M5,Bid,23079.05000000,23080.43000000,23032.55000000,23065.30000000,120.00,15.73285714,23.227904,0.00068210,3,0,1,1,-0.00059596,-0.00060679,-0.00042262,3.04331255,-0.87396711,0.36800334,-0.65723199,-1.05880427,-0.06918231,-0.09025735,0.23227905,0.07627349,0.99262190,-0.12125064,0.00000000,0.00000000,0.00000000,1.00000000,0.00000000,0.00000000,0.00000000,1.00000000,0.800000,0.100000,0.100000,LONG,6.000000,12.000000,72.000000,6.000000,12.000000,72.000000,LONG,1,6.000000,12.000000,6.000000,12.000000,72,1,,0.371667,6,0.011333,0.65723198,1.54253951,adaptive_quantile,1,0,0.1.4,1.0,0.1.2,0.1.0q,0.1.0,0.1.0,0.1.0,0.1
2025.07.22 21:20,US100,PERIOD_M5,Bid,23065.30000000,23081.80000000,23061.30000000,23071.80000000,120.00,16.60785714,21.858071,0.00071983,3,0,0,0,0.00028177,-0.00068805,-0.00037918,1.23435557,0.39138103,0.02439024,-0.20920275,-0.58765334,-0.02202134,-0.03012263,0.21858071,0.07225496,0.99223918,-0.12434371,0.00000000,0.00000000,0.00000000,1.00000000,0.00000000,0.00000000,0.00000000,0.00000000,0.800000,0.100000,0.100000,LONG,6.000000,12.000000,72.000000,6.000000,12.000000,72.000000,LONG,0,6.000000,12.000000,6.000000,12.000000,72,1,,0.371667,6,0.011333,0.20920276,1.54253951,adaptive_quantile,1,1,0.1.4,1.0,0.1.2,0.1.0q,0.1.0,0.1.0,0.1.0,0.1
2025.07.22 21:25,US100,PERIOD_M5,Bid,23071.80000000,23084.80000000,23070.18000000,23076.80000000,120.00,16.75928571,19.458352,0.00072624,1,0,0,0,0.00021669,-0.00009750,-0.00120178,0.87235224,0.29834208,-0.09439124,0.08236008,-0.27286422,0.00866948,0.01488880,0.19458352,0.07160210,0.99184686,-0.12743556,0.00000000,1.00000000,0.00000000,0.00000000,0.00000000,0.00000000,0.00000000,0.00000000,0.800000,0.100000,0.100000,LONG,6.000000,12.000000,72.000000,6.000000,12.000000,72.000000,LONG,0,6.000000,12.000000,6.000000,12.000000,72,1,,0.371667,6,0.011333,0.08236008,1.54253951,adaptive_quantile,1,2,0.1.4,1.0,0.1.2,0.1.0q,0.1.0,0.1.0,0.1.0,0.1
2025.07.22 21:30,US100,PERIOD_M5,Bid,23076.80000000,23094.05000000,23075.18000000,23093.30000000,120.00,17.21428571,18.864229,0.00074542,1,0,0,0,0.00071475,0.00121321,-0.00027623,1.09618258,0.95850623,0.92050874,0.93976659,0.66568345,0.09892280,0.14730106,0.18864229,0.06970955,0.99144489,-0.13052619,0.00000000,1.00000000,0.00000000,0.00000000,0.00000000,0.00000000,0.00000000,0.00000000,0.800000,0.100000,0.100000,LONG,6.000000,12.000000,72.000000,6.000000,12.000000,72.000000,LONG,0,0.000000,0.000000,0.000000,0.000000,72,1,,0.371667,6,0.011333,0.93976660,1.54253951,adaptive_quantile,0,0,0.1.4,1.0,0.1.2,0.1.0q,0.1.0,0.1.0,0.1.0,0.1
2025.07.22 21:35,US100,PERIOD_M5,Bid,23093.30000000,23107.68000000,23093.30000000,23107.43000000,120.00,15.99142857,21.617271,0.00069205,3,0,0,0,0.00061168,0.00154312,0.00042203,0.89923173,0.88359833,0.96522951,1.71473050,1.53743386,0.18049794,0.24134488,0.21617271,0.07504020,0.99103326,-0.13361555,0.00000000,0.00000000,0.00000000,1.00000000,0.00000000,0.00000000,0.00000000,0.00000000,0.800000,0.100000,0.100000,LONG,6.000000,12.000000,72.000000,6.000000,12.000000,72.000000,LONG,0,0.000000,0.000000,0.000000,0.000000,72,1,,0.371667,6,0.011333,1.71473053,1.54253951,adaptive_quantile,0,0,0.1.4,1.0,0.1.2,0.1.0q,0.1.0,0.1.0,0.1.0,0.1
2025.07.22 21:40,US100,PERIOD_M5,Bid,23107.43000000,23110.43000000,23098.30000000,23102.30000000,120.00,16.05428571,24.597759,0.00069492,3,0,0,0,-0.00022203,0.00110440,0.00089295,0.75556147,-0.31954086,-0.34047815,1.25624025,1.16434908,0.13223581,0.19002898,0.24597760,0.07474639,0.99061197,-0.13670361,0.00000000,0.00000000,0.00000000,1.00000000,0.00000000,0.00000000,0.00000000,0.00000000,0.800000,0.100000,0.100000,LONG,6.000000,12.000000,72.000000,6.000000,12.000000,72.000000,LONG,0,0.000000,0.000000,0.000000,0.000000,72,1,,0.371667,6,0.011333,1.25624021,1.59850344,adaptive_quantile,0,0,0.1.4,1.0,0.1.2,0.1.0q,0.1.0,0.1.0,0.1.0,0.1
2025.07.22 21:45,US100,PERIOD_M5,Bid,23102.30000000,23103.55000000,23097.05000000,23100.80000000,120.00,16.00928571,25.889069,0.00069302,3,0,0,0,-0.00006493,0.00032472,0.00102300,0.40601435,-0.09369563,0.15384616,1.05502093,1.03181159,0.11105483,0.17473719,0.25889069,0.07495650,0.99018115,-0.13979034,0.00000000,0.00000000,0.00000000,1.00000000,0.00000000,0.00000000,0.00000000,0.00000000,0.800000,0.100000,0.100000,LONG,6.000000,12.000000,72.000000,6.000000,12.000000,72.000000,LONG,0,0.000000,0.000000,0.000000,0.000000,72,1,,0.371667,6,0.011333,1.05502088,1.59850344,adaptive_quantile,0,0,0.1.4,1.0,0.1.2,0.1.0q,0.1.0,0.1.0,0.1.0,0.1
2025.07.22 21:50,US100,PERIOD_M5,Bid,23100.55000000,23113.55000000,23099.93000000,23110.05000000,120.00,15.33928571,29.011814,0.00066375,3,1,0,1,0.00040034,0.00011338,0.00155334,0.88791621,0.61932480,0.48604992,1.54183149,1.61402786,0.16229805,0.23962514,0.29011813,0.07823050,0.98974061,-0.14287572,0.00000000,0.00000000,0.00000000,1.00000000,0.00000000,0.00000000,1.00000000,0.00000000,0.800000,0.100000,0.100000,LONG,6.000000,12.000000,72.000000,6.000000,12.000000,72.000000,LONG,0,6.000000,12.000000,6.000000,12.000000,72,1,,0.371667,6,0.011333,1.54183154,1.54253951,adaptive_quantile,1,0,0.1.4,1.0,0.1.2,0.1.0q,0.1.0,0.1.0,0.1.0,0.1
2025.07.22 21:55,US100,PERIOD_M5,Bid,23110.05000000,23114.43000000,23106.30000000,23112.80000000,120.00,15.29500000,31.971240,0.00066175,5,0,0,0,0.00011899,0.00045440,0.00149379,0.53154624,0.17979732,0.59901601,1.56170332,1.72796917,0.16438982,0.25829658,0.31971240,0.07845701,0.98929054,-0.14595971,0.00000000,0.00000000,0.00000000,0.00000000,0.00000000,1.00000000,0.00000000,0.00000000,0.800000,0.100000,0.100000,LONG,6.000000,12.000000,72.000000,6.000000,12.000000,72.000000,LONG,0,6.000000,12.000000,6.000000,12.000000,72,1,,0.371667,6,0.011333,1.56170331,1.54253951,adaptive_quantile,1,1,0.1.4,1.0,0.1.2,0.1.0q,0.1.0,0.1.0,0.1.0,0.1
2025.07.22 22:00,US100,PERIOD_M5,Bid,23112.30000000,23118.05000000,23099.68000000,23103.18000000,120.00,15.78571429,32.000979,0.00068327,5,1,0,1,-0.00041631,0.00010302,0.00103416,1.16371036,-0.57773757,-0.61894393,0.81767356,1.02308321,0.08607090,0.15175094,0.32000980,0.07601810,0.98883080,-0.14904226,0.00000000,0.00000000,0.00000000,0.00000000,0.00000000,1.00000000,1.00000000,0.00000000,0.800000,0.100000,0.100000,LONG,6.000000,12.000000,72.000000,6.000000,12.000000,72.000000,LONG,0,6.000000,12.000000,6.000000,12.000000,72,1,,0.371667,6,0.011333,0.81767358,1.54253951,adaptive_quantile,1,2,0.1.4,1.0,0.1.2,0.1.0q,0.1.0,0.1.0,0.1.0,0.1
2025.07.22 22:05,US100,PERIOD_M5,Bid,23103.05000000,23105.18000000,23097.80000000,23102.80000000,120.00,15.77714286,30.387175,0.00068291,5,1,0,1,-0.00001645,-0.00031377,0.00065468,0.46776530,-0.01584571,0.35501355,0.71841019,0.96035546,0.07562213,0.14761721,0.30387175,0.07605940,0.98836154,-0.15212339,0.00000000,0.00000000,0.00000000,0.00000000,0.00000000,1.00000000,1.00000000,0.00000000,0.800000,0.100000,0.100000,LONG,6.000000,12.000000,72.000000,6.000000,12.000000,72.000000,LONG,0,0.000000,0.000000,0.000000,0.000000,72,1,,0.371667,6,0.011333,0.71841020,1.54183154,adaptive_quantile,0,0,0.1.4,1.0,0.1.2,0.1.0q,0.1.0,0.1.0,0.1.0,0.1
2025.07.22 22:10,US100,PERIOD_M5,Bid,23102.80000000,23106.93000000,23093.80000000,23094.05000000,120.00,15.62571429,27.170001,0.00067661,3,1,0,1,-0.00037881,-0.00081157,0.00064973,0.84028161,-0.55997437,-0.96191925,0.14964572,0.39362162,0.01575218,0.05382594,0.27169999,0.07679649,0.98788261,-0.15520303,0.00000000,0.00000000,0.00000000,1.00000000,0.00000000,0.00000000,1.00000000,0.00000000,0.800000,0.100000,0.100000,LONG,6.000000,12.000000,72.000000,6.000000,12.000000,72.000000,LONG,0,6.000000,12.000000,6.000000,12.000000,72,1,,0.371667,6,0.011333,0.14964572,1.48925001,adaptive_quantile,1,0,0.1.4,1.0,0.1.2,0.1.0q,0.1.0,0.1.0,0.1.0,0.1
2025.07.22 22:15,US100,PERIOD_M5,Bid,23094.05000000,23101.43000000,23091.43000000,23100.43000000,120.00,15.51857143,24.025546,0.00067179,3,1,0,1,0.00027622,-0.00011904,0.00152191,0.64438921,0.41112033,0.80000001,0.50829452,0.77579451,0.05350469,0.11088450,0.24025546,0.07732671,0.98739409,-0.15828116,0.00000000,0.00000000,0.00000000,1.00000000,0.00000000,0.00000000,1.00000000,0.00000000,0.800000,0.100000,0.100000,LONG,6.000000,12.000000,72.000000,6.000000,12.000000,72.000000,LONG,0,6.000000,12.000000,6.000000,12.000000,72,1,,0.371667,6,0.011333,0.50829453,1.28597749,adaptive_quantile,1,1,0.1.4,1.0,0.1.2,0.1.0q,0.1.0,0.1.0,0.1.0,0.1
2025.07.22 22:20,US100,PERIOD_M5,Bid,23100.55000000,23106.05000000,23094.43000000,23100.05000000,120.00,15.50928571,22.444260,0.00067140,3,1,0,1,-0.00001645,-0.00011904,0.00122369,0.74922860,-0.03223875,-0.03270224,0.43799290,0.72227687,0.04610451,0.10660405,0.22444260,0.07737301,0.98689598,-0.16135776,0.00000000,0.00000000,0.00000000,1.00000000,0.00000000,0.00000000,1.00000000,0.00000000,0.800000,0.100000,0.100000,LONG,6.000000,12.000000,72.000000,6.000000,12.000000,72.000000,LONG,0,6.000000,12.000000,6.000000,12.000000,72,1,,0.371667,6,0.011333,0.43799289,1.25624021,adaptive_quantile,1,2,0.1.4,1.0,0.1.2,0.1.0q,0.1.0,0.1.0,0.1.0,0.1
2025.07.22 22:25,US100,PERIOD_M5,Bid,23100.18000000,23105.55000000,23096.30000000,23099.80000000,120.00,12.75000000,21.073812,0.00055195,3,1,0,1,-0.00001082,0.00024895,0.00099618,0.72549021,-0.02980392,-0.24324325,0.46429947,0.82529473,0.04887363,0.10359125,0.21073812,0.09411765,0.98638827,-0.16443279,0.00000000,0.00000000,0.00000000,1.00000000,0.00000000,0.00000000,1.00000000,0.00000000,0.800000,0.100000,0.100000,LONG,6.000000,12.000000,72.000000,6.000000,12.000000,72.000000,LONG,0,0.000000,0.000000,0.000000,0.000000,72,1,,0.371667,6,0.011333,0.46429946,1.19251119,adaptive_quantile,0,0,0.1.4,1.0,0.1.2,0.1.0q,0.1.0,0.1.0,0.1.0,0.1
2025.07.22 22:30,US100,PERIOD_M5,Bid,23099.80000000,23109.18000000,23093.55000000,23103.55000000,120.00,12.40214286,21.124632,0.00053681,3,1,0,1,0.00016233,0.00013505,0.00044375,1.26026607,0.30236709,0.27959052,0.70543319,1.10567999,0.07425612,0.14135437,0.21124633,0.09675747,0.98587102,-0.16750622,0.00000000,0.00000000,0.00000000,1.00000000,0.00000000,0.00000000,1.00000000,0.00000000,0.800000,0.100000,0.100000,LONG,6.000000,12.000000,72.000000,6.000000,12.000000,72.000000,LONG,0,6.000000,12.000000,6.000000,12.000000,72,1,,0.371667,6,0.011333,0.70543318,1.13517500,adaptive_quantile,0,0,0.1.4,1.0,0.1.2,0.1.0q,0.1.0,0.1.0,0.1.0,0.1
2025.07.22 22:35,US100,PERIOD_M5,Bid,23103.55000000,23116.80000000,23103.18000000,23110.30000000,120.00,12.33071429,23.547838,0.00053356,3,0,0,0,0.00029212,0.00044362,0.00012419,1.10455883,0.54741353,0.04552129,1.13722515,1.59442008,0.11970791,0.20617919,0.23547837,0.09731796,0.98534417,-0.17057803,0.00000000,0.00000000,0.00000000,1.00000000,0.00000000,0.00000000,0.00000000,0.00000000,0.800000,0.100000,0.100000,LONG,6.000000,12.000000,72.000000,6.000000,12.000000,72.000000,LONG,0,0.000000,0.000000,0.000000,0.000000,72,1,,0.371667,6,0.011333,1.13722520,1.05502088,adaptive_quantile,0,0,0.1.4,1.0,0.1.2,0.1.0q,0.1.0,0.1.0,0.1.0,0.1
2025.07.22 22:40,US100,PERIOD_M5,Bid,23110.30000000,23111.30000000,23099.05000000,23100.05000000,120.00,11.85785714,23.114325,0.00051333,3,1,0,1,-0.00044362,0.00001082,-0.00009740,1.03307033,-0.86440575,-0.83673471,0.28786692,0.76247382,0.03030178,0.07362736,0.23114325,0.10119873,0.98480773,-0.17364818,0.00000000,0.00000000,0.00000000,1.00000000,0.00000000,0.00000000,1.00000000,0.00000000,0.800000,0.100000,0.100000,LONG,6.000000,12.000000,72.000000,6.000000,12.000000,72.000000,LONG,0,6.000000,12.000000,6.000000,12.000000,72,1,,0.371667,6,0.011333,0.28786692,1.05502088,adaptive_quantile,1,0,0.1.4,1.0,0.1.2,0.1.0q,0.1.0,0.1.0,0.1.0,0.1
2025.07.22 22:45,US100,PERIOD_M5,Bid,23100.05000000,23104.30000000,23095.55000000,23100.05000000,120.00,11.45571429,20.214643,0.00049592,2,1,0,1,0.00000000,-0.00015150,-0.00003247,0.76381093,0.00000000,0.02857143,0.26959392,0.75828922,0.02837831,0.07362736,0.20214643,0.10475121,0.98426175,-0.17671664,0.00000000,0.00000000,1.00000000,0.00000000,0.00000000,0.00000000,1.00000000,0.00000000,0.800000,0.100000,0.100000,LONG,6.000000,12.000000,72.000000,6.000000,12.000000,72.000000,LONG,0,6.000000,12.000000,6.000000,12.000000,72,1,,0.371667,6,0.011333,0.26959393,0.98347173,adaptive_quantile,1,1,0.1.4,1.0,0.1.2,0.1.0q,0.1.0,0.1.0,0.1.0,0.1
2025.07.22 22:50,US100,PERIOD_M5,Bid,23100.05000000,23105.30000000,23092.55000000,23093.30000000,120.00,11.50000000,18.641361,0.00049798,0,0,0,0,-0.00029225,-0.00073587,-0.00072506,1.10869563,-0.58695650,-0.88235295,-0.28807691,0.16180818,-0.03032388,-0.00950594,0.18641362,0.10434783,0.98370624,-0.17978339,1.00000000,0.00000000,0.00000000,0.00000000,0.00000000,0.00000000,0.00000000,0.00000000,0.800000,0.100000,0.100000,LONG,6.000000,12.000000,72.000000,6.000000,12.000000,72.000000,LONG,0,6.000000,12.000000,6.000000,12.000000,72,1,,0.371667,6,0.011333,0.28807690,0.98347173,adaptive_quantile,1,2,0.1.4,1.0,0.1.2,0.1.0q,0.1.0,0.1.0,0.1.0,0.1
2025.07.22 22:55,US100,PERIOD_M5,Bid,23093.30000000,23108.43000000,23081.05000000,23082.93000000,120.00,12.99142857,19.302517,0.00056282,1,0,0,0,-0.00044915,-0.00074140,-0.00129319,2.10754347,-0.79821861,-0.86267346,-0.95291698,-0.62930042,-0.10030705,-0.12198761,0.19302517,0.09236860,0.98314112,-0.18284838,0.00000000,1.00000000,0.00000000,0.00000000,0.00000000,0.00000000,0.00000000,0.00000000,0.800000,0.100000,0.100000,LONG,6.000000,12.000000,72.000000,6.000000,12.000000,72.000000,LONG,0,0.000000,0.000000,0.000000,0.000000,72,1,,0.371667,6,0.011333,0.95291695,0.98347173,adaptive_quantile,0,0,0.1.4,1.0,0.1.2,0.1.0q,0.1.0,0.1.0,0.1.0,0.1
2025.07.22 23:00,US100,PERIOD_M5,Bid,23083.80000000,23084.55000000,23054.70000000,23078.70000000,140.00,14.15071429,22.796779,0.00061315,3,0,0,0,-0.00018327,-0.00092467,-0.00106016,2.10943413,-0.36040583,0.60804021,-1.06198680,-0.84229112,-0.11178808,-0.16370670,0.22796780,0.09893493,0.98256648,-0.18591161,0.00000000,0.00000000,0.00000000,1.00000000,0.00000000,0.00000000,0.00000000,0.00000000,0.800000,0.100000,0.100000,LONG,6.000000,12.000000,72.000000,6.000000,12.000000,72.000000,LONG,0,0.000000,0.000000,0.000000,0.000000,72,1,,0.371667,6,0.011333,1.06198677,0.98347173,adaptive_quantile,0,0,0.1.4,1.0,0.1.2,0.1.0q,0.1.0,0.1.0,0.1.0,0.1
2025.07.22 23:05,US100,PERIOD_M5,Bid,23079.08000000,23079.08000000,23058.70000000,23065.20000000,140.00,15.02571429,25.825140,0.00065145,3,0,0,0,-0.00058513,-0.00121754,-0.00162883,1.35634148,-0.92374974,-0.36211973,-1.71778393,-1.62536013,-0.18081936,-0.28110871,0.25825140,0.09317361,0.98198229,-0.18897302,0.00000000,0.00000000,0.00000000,1.00000000,0.00000000,0.00000000,0.00000000,0.00000000,0.800000,0.100000,0.100000,LONG,6.000000,12.000000,72.000000,6.000000,12.000000,72.000000,LONG,0,0.000000,0.000000,0.000000,0.000000,72,1,,0.371667,6,0.011333,1.71778397,1.05502088,adaptive_quantile,0,0,0.1.4,1.0,0.1.2,0.1.0q,0.1.0,0.1.0,0.1.0,0.1
2025.07.22 23:10,US100,PERIOD_M5,Bid,23065.20000000,23065.83000000,23056.45000000,23059.33000000,140.00,14.38357143,29.132635,0.00062376,3,0,0,0,-0.00025453,-0.00102292,-0.00150455,0.65213287,-0.40810448,-0.38592750,-1.99280822,-2.02343822,-0.20976929,-0.32545111,0.29132634,0.09733327,0.98138857,-0.19203261,0.00000000,0.00000000,0.00000000,1.00000000,0.00000000,0.00000000,0.00000000,0.00000000,0.800000,0.100000,0.100000,LONG,6.000000,12.000000,72.000000,6.000000,12.000000,72.000000,LONG,0,0.000000,0.000000,0.000000,0.000000,72,1,,0.371667,6,0.011333,1.99280824,1.06198677,adaptive_quantile,0,0,0.1.4,1.0,0.1.2,0.1.0q,0.1.0,0.1.0,0.1.0,0.1
2025.07.22 23:15,US100,PERIOD_M5,Bid,23059.45000000,23061.20000000,23050.20000000,23053.95000000,140.00,14.64214286,33.344535,0.00063513,5,0,0,0,-0.00023334,-0.00107299,-0.00201411,0.75125617,-0.37562808,-0.31818181,-2.10361576,-2.26277971,-0.22143324,-0.36416185,0.33344534,0.09561442,0.98078525,-0.19509032,0.00000000,0.00000000,0.00000000,0.00000000,0.00000000,1.00000000,0.00000000,0.00000000,0.800000,0.100000,0.100000,LONG,6.000000,12.000000,72.000000,6.000000,12.000000,72.000000,LONG,0,0.000000,0.000000,0.000000,0.000000,72,1,,0.371667,6,0.011333,2.10361576,1.13517500,adaptive_quantile,0,0,0.1.4,1.0,0.1.2,0.1.0q,0.1.0,0.1.0,0.1.0,0.1
2025.07.22 23:20,US100,PERIOD_M5,Bid,23054.20000000,23056.20000000,23049.20000000,23055.33000000,140.00,14.20428571,37.288003,0.00061610,5,0,0,0,0.00005986,-0.00042801,-0.00193780,0.49280900,0.07955346,0.75142854,-1.87404001,-2.14771581,-0.19726737,-0.34287384,0.37288004,0.09856180,0.98017251,-0.19814615,0.00000000,0.00000000,0.00000000,0.00000000,0.00000000,1.00000000,0.00000000,0.00000000,0.800000,0.100000,0.100000,LONG,6.000000,12.000000,72.000000,6.000000,12.000000,72.000000,LONG,0,0.000000,0.000000,0.000000,0.000000,72,1,,0.371667,6,0.011333,1.87404006,1.13722520,adaptive_quantile,0,0,0.1.4,1.0,0.1.2,0.1.0q,0.1.0,0.1.0,0.1.0,0.1
2025.07.22 23:25,US100,PERIOD_M5,Bid,23055.20000000,23058.20000000,23052.20000000,23054.20000000,140.00,13.91857143,37.860674,0.00060373,5,0,0,0,-0.00004901,-0.00022249,-0.00197599,0.43107873,-0.07184646,-0.33333334,-1.80382025,-2.18385291,-0.18987581,-0.35179389,0.37860674,0.10058504,0.97955018,-0.20120004,0.00000000,0.00000000,0.00000000,0.00000000,0.00000000,1.00000000,0.00000000,0.00000000,0.800000,0.100000,0.100000,LONG,6.000000,12.000000,72.000000,6.000000,12.000000,72.000000,LONG,0,0.000000,0.000000,0.000000,0.000000,72,1,,0.371667,6,0.011333,1.80382020,1.19251119,adaptive_quantile,0,0,0.1.4,1.0,0.1.2,0.1.0q,0.1.0,0.1.0,0.1.0,0.1
2025.07.22 23:30,US100,PERIOD_M5,Bid,23054.20000000,23057.95000000,23053.08000000,23055.70000000,140.00,13.43642857,38.356988,0.00058278,5,0,0,0,0.00006506,0.00007591,-0.00207326,0.36244750,0.11163681,0.07597536,-1.58958554,-2.06624317,-0.16732480,-0.32606158,0.38356987,0.10419436,0.97891837,-0.20425197,0.00000000,0.00000000,0.00000000,0.00000000,0.00000000,1.00000000,0.00000000,0.00000000,0.800000,0.100000,0.100000,LONG,6.000000,12.000000,72.000000,6.000000,12.000000,72.000000,LONG,0,0.000000,0.000000,0.000000,0.000000,72,1,,0.371667,6,0.011333,1.58958555,1.25624021,adaptive_quantile,0,0,0.1.4,1.0,0.1.2,0.1.0q,0.1.0,0.1.0,0.1.0,0.1
2025.07.22 23:35,US100,PERIOD_M5,Bid,23055.70000000,23060.83000000,23054.70000000,23057.45000000,140.00,13.21357143,35.062940,0.00057307,5,0,0,0,0.00007590,0.00009195,-0.00228948,0.46391696,0.13243960,-0.10277325,-1.34262645,-1.89145041,-0.14132909,-0.29508749,0.35062939,0.10595167,0.97827703,-0.20730194,0.00000000,0.00000000,0.00000000,0.00000000,0.00000000,1.00000000,0.00000000,0.00000000,0.800000,0.100000,0.100000,LONG,6.000000,12.000000,72.000000,6.000000,12.000000,72.000000,LONG,0,0.000000,0.000000,0.000000,0.000000,72,1,,0.371667,6,0.011333,1.34262645,1.28597749,adaptive_quantile,0,0,0.1.4,1.0,0.1.2,0.1.0q,0.1.0,0.1.0,0.1.0,0.1
2025.07.22 23:40,US100,PERIOD_M5,Bid,23057.45000000,23059.95000000,23055.58000000,23058.20000000,140.00,12.40928571,32.208098,0.00053817,5,0,1,1,0.00003253,0.00017349,-0.00181333,0.35215566,0.06043861,0.19908467,-1.23880708,-1.87699091,-0.13040075,-0.28127459,0.32208097,0.11281874,0.97762614,-0.21034989,0.00000000,0.00000000,0.00000000,0.00000000,0.00000000,1.00000000,0.00000000,1.00000000,0.800000,0.100000,0.100000,LONG,6.000000,12.000000,72.000000,6.000000,12.000000,72.000000,LONG,1,6.000000,12.000000,6.000000,12.000000,72,1,,0.371667,6,0.011333,1.23880704,1.34262645,adaptive_quantile,0,0,0.1.4,1.0,0.1.2,0.1.0q,0.1.0,0.1.0,0.1.0,0.1
2025.07.22 23:45,US100,PERIOD_M5,Bid,23058.20000000,23059.45000000,23055.58000000,23056.45000000,140.00,11.71285714,29.733902,0.00050801,3,0,1,1,-0.00007590,0.00003253,-0.00188923,0.33040616,-0.14940846,-0.55038762,-1.32264709,-2.05415916,-0.13922600,-0.30003422,0.29733902,0.11952677,0.97696584,-0.21339579,0.00000000,0.00000000,0.00000000,1.00000000,0.00000000,0.00000000,0.00000000,1.00000000,0.800000,0.100000,0.100000,LONG,6.000000,12.000000,72.000000,6.000000,12.000000,72.000000,LONG,1,6.000000,12.000000,6.000000,12.000000,72,1,,0.371667,6,0.011333,1.32264707,1.34262645,adaptive_quantile,1,0,0.1.4,1.0,0.1.2,0.1.0q,0.1.0,0.1.0,0.1.0,0.1
2025.07.22 23:50,US100,PERIOD_M5,Bid,23056.45000000,23057.20000000,23049.20000000,23054.20000000,140.00,11.40928571,31.500424,0.00049489,4,0,0,0,-0.00009759,-0.00014096,-0.00169457,0.70118326,-0.19720779,0.25000000,-1.40694737,-2.21559048,-0.14809972,-0.32444876,0.31500423,0.12270707,0.97629601,-0.21643962,0.00000000,0.00000000,0.00000000,0.00000000,1.00000000,0.00000000,0.00000000,0.00000000,0.800000,0.100000,0.100000,LONG,6.000000,12.000000,72.000000,6.000000,12.000000,72.000000,LONG,0,6.000000,12.000000,6.000000,12.000000,72,1,,0.371667,6,0.011333,1.40694734,1.34262645,adaptive_quantile,1,1,0.1.4,1.0,0.1.2,0.1.0q,0.1.0,0.1.0,0.1.0,0.1
2025.07.22 23:55,US100,PERIOD_M5,Bid,23054.45000000,23060.33000000,23052.45000000,23059.70000000,140.00,11.34714286,29.917631,0.00049208,2,0,1,1,0.00023854,0.00006505,-0.00100688,0.69444793,0.46267155,0.84010154,-0.84138244,-1.67466700,-0.08856657,-0.21306525,0.29917631,0.12337907,0.97561669,-0.21948133,0.00000000,0.00000000,1.00000000,0.00000000,0.00000000,0.00000000,0.00000000,1.00000000,0.800000,0.100000,0.100000,LONG,6.000000,12.000000,72.000000,6.000000,12.000000,72.000000,LONG,1,6.000000,12.000000,6.000000,12.000000,72,0,TIME_BLOCK:rollover decision_bar=2025.07.22 23:55 minutes_since_midnight=1435 block=5,0.371667,6,0.011333,0.84138243,1.40694734,adaptive_quantile,1,2,0.1.4,1.0,0.1.2,0.1.0q,0.1.0,0.1.0,0.1.0,0.1
