time,symbol,timeframe,price_basis,open,high,low,close,spread_points,atr14,adx14,atr_pct,regime_id,cand_long,cand_short,entry_allowed,feature_0,feature_1,feature_2,feature_3,feature_4,feature_5,feature_6,feature_7,feature_8,feature_9,feature_10,feature_11,feature_12,feature_13,feature_14,feature_15,feature_16,feature_17,feature_18,feature_19,feature_20,feature_21,onnx_p_long,onnx_p_short,onnx_p_pass,stage1_argmax,prm_raw_0,prm_raw_1,prm_raw_2,prm_raw_3,prm_raw_4,prm_raw_5,final_dir,flip_used,k_sl_req,k_tp_req,k_sl_eff,k_tp_eff,hold_bars,gate_pass,gate_reject_reason,dyn_spread_atr_max,dyn_dev_points,risk_pct,dist_atr,dist_atr_max_t,dist_atr_max_mode,has_position,bars_held,ea_version,schema_version,candidate_policy_version,regime_policy_version,model_pack_version,clf_version,prm_version,cost_model_version,pending_exit_reason,pending_modify_reason,last_modify_reason,modify_count,be_applied,entry_log_emitted,tx_authority_enabled,broker_audit_enabled,active_model_pack_dir,pack_dir_at_entry,runtime_reload_attempts,runtime_reload_successes,runtime_reload_rollbacks,runtime_reload_status,log_schema_version
2025.04.04 01:00,US100,PERIOD_M5,Bid,18481.47000000,18519.72000000,18481.47000000,18513.72000000,140.00,45.30214286,30.762237,0.00244695,-1,0,0,0,0.00000000,0.00000000,0.00000000,0.00000000,0.00000000,0.00000000,0.00000000,0.00000000,0.00000000,0.00000000,0.00000000,0.00000000,0.00000000,0.00000000,0.00000000,0.00000000,0.00000000,0.00000000,0.00000000,0.00000000,0.00000000,0.00000000,0.000000,0.000000,1.000000,PASS,1.500000,2.000000,24.000000,1.500000,2.000000,24.000000,PASS,0,0.000000,0.000000,0.000000,0.000000,24,0,,0.000000,0,0.000000,6.25291662,0.00000000,adaptive_quantile,0,0,0.2.0,1.0,0.1.2,0.1.0q,0.1.0,0.1.0,0.1.0,0.1,,,,0,0,0,1,0,triple_sigma_pack_long_step16,,0,0,0,INIT,2.0
2025.04.04 01:05,US100,PERIOD_M5,Bid,18513.72000000,18515.22000000,18478.47000000,18489.47000000,140.00,25.90071429,35.730388,0.00140084,-1,0,0,0,0.00000000,0.00000000,0.00000000,0.00000000,0.00000000,0.00000000,0.00000000,0.00000000,0.00000000,0.00000000,0.00000000,0.00000000,0.00000000,0.00000000,0.00000000,0.00000000,0.00000000,0.00000000,0.00000000,0.00000000,0.00000000,0.00000000,0.000000,0.000000,1.000000,PASS,1.500000,2.000000,24.000000,1.500000,2.000000,24.000000,PASS,0,0.000000,0.000000,0.000000,0.000000,24,0,,0.000000,0,0.000000,0.60263679,0.00000000,adaptive_quantile,0,0,0.2.0,1.0,0.1.2,0.1.0q,0.1.0,0.1.0,0.1.0,0.1,,,,0,0,0,1,0,triple_sigma_pack_long_step16,,0,0,0,INIT,2.0
2025.04.04 01:10,US100,PERIOD_M5,Bid,18489.97000000,18489.97000000,18468.22000000,18475.34000000,140.00,25.20428571,31.503133,0.00136421,-1,0,0,0,0.00000000,0.00000000,0.00000000,0.00000000,0.00000000,0.00000000,0.00000000,0.00000000,0.00000000,0.00000000,0.00000000,0.00000000,0.00000000,0.00000000,0.00000000,0.00000000,0.00000000,0.00000000,0.00000000,0.00000000,0.00000000,0.00000000,0.000000,0.000000,1.000000,PASS,1.500000,2.000000,24.000000,1.500000,2.000000,24.000000,PASS,0,0.000000,0.000000,0.000000,0.000000,24,0,,0.000000,0,0.000000,1.06753527,0.00000000,adaptive_quantile,0,0,0.2.0,1.0,0.1.2,0.1.0q,0.1.0,0.1.0,0.1.0,0.1,,,,0,0,0,1,0,triple_sigma_pack_long_step16,,0,0,0,INIT,2.0
2025.04.04 01:15,US100,PERIOD_M5,Bid,18475.34000000,18492.59000000,18464.34000000,18464.34000000,140.00,26.07928571,27.493383,0.00141241,-1,0,0,0,0.00000000,0.00000000,0.00000000,0.00000000,0.00000000,0.00000000,0.00000000,0.00000000,0.00000000,0.00000000,0.00000000,0.00000000,0.00000000,0.00000000,0.00000000,0.00000000,0.00000000,0.00000000,0.00000000,0.00000000,0.00000000,0.00000000,0.000000,0.000000,1.000000,PASS,1.500000,2.000000,24.000000,1.500000,2.000000,24.000000,PASS,0,0.000000,0.000000,0.000000,0.000000,24,0,,0.000000,0,0.000000,1.31507913,0.00000000,adaptive_quantile,0,0,0.2.0,1.0,0.1.2,0.1.0q,0.1.0,0.1.0,0.1.0,0.1,,,,0,0,0,1,0,triple_sigma_pack_long_step16,,0,0,0,INIT,2.0
2025.04.04 01:20,US100,PERIOD_M5,Bid,18464.47000000,18469.84000000,18430.47000000,18442.59000000,140.00,27.40071429,27.630814,0.00148573,-1,0,0,0,0.00000000,0.00000000,0.00000000,0.00000000,0.00000000,0.00000000,0.00000000,0.00000000,0.00000000,0.00000000,0.00000000,0.00000000,0.00000000,0.00000000,0.00000000,0.00000000,0.00000000,0.00000000,0.00000000,0.00000000,0.00000000,0.00000000,0.000000,0.000000,1.000000,PASS,1.500000,2.000000,24.000000,1.500000,2.000000,24.000000,PASS,0,0.000000,0.000000,0.000000,0.000000,24,0,,0.000000,0,0.000000,1.85062983,0.00000000,adaptive_quantile,0,0,0.2.0,1.0,0.1.2,0.1.0q,0.1.0,0.1.0,0.1.0,0.1,,,,0,0,0,1,0,triple_sigma_pack_long_step16,,0,0,0,INIT,2.0
2025.04.04 01:25,US100,PERIOD_M5,Bid,18442.59000000,18448.22000000,18416.97000000,18447.09000000,140.00,28.02571429,29.059191,0.00151925,-1,0,0,0,0.00000000,0.00000000,0.00000000,0.00000000,0.00000000,0.00000000,0.00000000,0.00000000,0.00000000,0.00000000,0.00000000,0.00000000,0.00000000,0.00000000,0.00000000,0.00000000,0.00000000,0.00000000,0.00000000,0.00000000,0.00000000,0.00000000,0.000000,0.000000,1.000000,PASS,1.500000,2.000000,24.000000,1.500000,2.000000,24.000000,PASS,0,0.000000,0.000000,0.000000,0.000000,24,0,,0.000000,0,0.000000,1.49176438,0.00000000,adaptive_quantile,0,0,0.2.0,1.0,0.1.2,0.1.0q,0.1.0,0.1.0,0.1.0,0.1,,,,0,0,0,1,0,triple_sigma_pack_long_step16,,0,0,0,INIT,2.0
2025.04.04 01:30,US100,PERIOD_M5,Bid,18447.09000000,18459.97000000,18442.72000000,18448.72000000,140.00,28.40071429,26.608609,0.00153944,-1,0,0,0,0.00000000,0.00000000,0.00000000,0.00000000,0.00000000,0.00000000,0.00000000,0.00000000,0.00000000,0.00000000,0.00000000,0.00000000,0.00000000,0.00000000,0.00000000,0.00000000,0.00000000,0.00000000,0.00000000,0.00000000,0.00000000,0.00000000,0.000000,0.000000,1.000000,PASS,1.500000,2.000000,24.000000,1.500000,2.000000,24.000000,PASS,0,0.000000,0.000000,0.000000,0.000000,24,0,,0.000000,0,0.000000,1.27994347,0.00000000,adaptive_quantile,0,0,0.2.0,1.0,0.1.2,0.1.0q,0.1.0,0.1.0,0.1.0,0.1,,,,0,0,0,1,0,triple_sigma_pack_long_step16,,0,0,0,INIT,2.0
2025.04.04 01:35,US100,PERIOD_M5,Bid,18448.59000000,18463.47000000,18445.59000000,18453.22000000,140.00,26.14214286,23.567120,0.00141667,-1,0,0,0,0.00000000,0.00000000,0.00000000,0.00000000,0.00000000,0.00000000,0.00000000,0.00000000,0.00000000,0.00000000,0.00000000,0.00000000,0.00000000,0.00000000,0.00000000,0.00000000,0.00000000,0.00000000,0.00000000,0.00000000,0.00000000,0.00000000,0.000000,0.000000,1.000000,PASS,1.500000,2.000000,24.000000,1.500000,2.000000,24.000000,PASS,0,0.000000,0.000000,0.000000,0.000000,24,0,,0.000000,0,0.000000,1.10235228,0.00000000,adaptive_quantile,0,0,0.2.0,1.0,0.1.2,0.1.0q,0.1.0,0.1.0,0.1.0,0.1,,,,0,0,0,1,0,triple_sigma_pack_long_step16,,0,0,0,INIT,2.0
2025.04.04 01:40,US100,PERIOD_M5,Bid,18453.34000000,18467.09000000,18450.72000000,18465.59000000,140.00,23.83785714,20.956173,0.00129093,-1,0,0,0,0.00000000,0.00000000,0.00000000,0.00000000,0.00000000,0.00000000,0.00000000,0.00000000,0.00000000,0.00000000,0.00000000,0.00000000,0.00000000,0.00000000,0.00000000,0.00000000,0.00000000,0.00000000,0.00000000,0.00000000,0.00000000,0.00000000,0.000000,0.000000,1.000000,PASS,1.500000,2.000000,24.000000,1.500000,2.000000,24.000000,PASS,0,0.000000,0.000000,0.000000,0.000000,24,0,,0.000000,0,0.000000,0.62427544,0.00000000,adaptive_quantile,0,0,0.2.0,1.0,0.1.2,0.1.0q,0.1.0,0.1.0,0.1.0,0.1,,,,0,0,0,1,0,triple_sigma_pack_long_step16,,0,0,0,INIT,2.0
2025.04.04 01:45,US100,PERIOD_M5,Bid,18465.59000000,18467.97000000,18454.47000000,18460.47000000,140.00,23.12357143,19.011705,0.00125260,-1,0,0,0,0.00000000,0.00000000,0.00000000,0.00000000,0.00000000,0.00000000,0.00000000,0.00000000,0.00000000,0.00000000,0.00000000,0.00000000,0.00000000,0.00000000,0.00000000,0.00000000,0.00000000,0.00000000,0.00000000,0.00000000,0.00000000,0.00000000,0.000000,0.000000,1.000000,PASS,1.500000,2.000000,24.000000,1.500000,2.000000,24.000000,PASS,0,0.000000,0.000000,0.000000,0.000000,24,0,,0.000000,0,0.000000,0.78259946,0.00000000,adaptive_quantile,0,0,0.2.0,1.0,0.1.2,0.1.0q,0.1.0,0.1.0,0.1.0,0.1,,,,0,0,0,1,0,triple_sigma_pack_long_step16,,0,0,0,INIT,2.0
2025.04.04 01:50,US100,PERIOD_M5,Bid,18459.72000000,18471.84000000,18452.09000000,18452.22000000,140.00,23.23928571,18.317752,0.00125943,-1,0,0,0,0.00000000,0.00000000,0.00000000,0.00000000,0.00000000,0.00000000,0.00000000,0.00000000,0.00000000,0.00000000,0.00000000,0.00000000,0.00000000,0.00000000,0.00000000,0.00000000,0.00000000,0.00000000,0.00000000,0.00000000,0.00000000,0.00000000,0.000000,0.000000,1.000000,PASS,1.500000,2.000000,24.000000,1.500000,2.000000,24.000000,PASS,0,0.000000,0.000000,0.000000,0.000000,24,0,,0.000000,0,0.000000,1.02573310,0.00000000,adaptive_quantile,0,0,0.2.0,1.0,0.1.2,0.1.0q,0.1.0,0.1.0,0.1.0,0.1,,,,0,0,0,1,0,triple_sigma_pack_long_step16,,0,0,0,INIT,2.0
2025.04.04 01:55,US100,PERIOD_M5,Bid,18453.72000000,18471.34000000,18450.34000000,18466.47000000,140.00,23.89071429,17.147246,0.00129373,-1,0,0,0,0.00000000,0.00000000,0.00000000,0.00000000,0.00000000,0.00000000,0.00000000,0.00000000,0.00000000,0.00000000,0.00000000,0.00000000,0.00000000,0.00000000,0.00000000,0.00000000,0.00000000,0.00000000,0.00000000,0.00000000,0.00000000,0.00000000,0.000000,0.000000,1.000000,PASS,1.500000,2.000000,24.000000,1.500000,2.000000,24.000000,PASS,0,0.000000,0.000000,0.000000,0.000000,24,0,,0.000000,0,0.000000,0.36307947,0.00000000,adaptive_quantile,0,0,0.2.0,1.0,0.1.2,0.1.0q,0.1.0,0.1.0,0.1.0,0.1,,,,0,0,0,1,0,triple_sigma_pack_long_step16,,0,0,0,INIT,2.0
2025.04.04 02:00,US100,PERIOD_M5,Bid,18466.84000000,18474.84000000,18450.47000000,18452.22000000,140.00,24.73857143,16.969892,0.00134068,-1,0,0,0,0.00000000,0.00000000,0.00000000,0.00000000,0.00000000,0.00000000,0.00000000,0.00000000,0.00000000,0.00000000,0.00000000,0.00000000,0.00000000,0.00000000,0.00000000,0.00000000,0.00000000,0.00000000,0.00000000,0.00000000,0.00000000,0.00000000,0.000000,0.000000,1.000000,PASS,1.500000,2.000000,24.000000,1.500000,2.000000,24.000000,PASS,0,0.000000,0.000000,0.000000,0.000000,24,0,,0.000000,0,0.000000,0.83840606,0.00000000,adaptive_quantile,0,0,0.2.0,1.0,0.1.2,0.1.0q,0.1.0,0.1.0,0.1.0,0.1,,,,0,0,0,1,0,triple_sigma_pack_long_step16,,0,0,0,INIT,2.0
2025.04.04 02:05,US100,PERIOD_M5,Bid,18452.22000000,18468.72000000,18452.09000000,18456.34000000,140.00,25.40857143,16.816186,0.00137669,-1,0,0,0,0.00000000,0.00000000,0.00000000,0.00000000,0.00000000,0.00000000,0.00000000,0.00000000,0.00000000,0.00000000,0.00000000,0.00000000,0.00000000,0.00000000,0.00000000,0.00000000,0.00000000,0.00000000,0.00000000,0.00000000,0.00000000,0.00000000,0.000000,0.000000,1.000000,PASS,1.500000,2.000000,24.000000,1.500000,2.000000,24.000000,PASS,0,0.000000,0.000000,0.000000,0.000000,24,0,,0.000000,0,0.000000,0.59184826,0.00000000,adaptive_quantile,0,0,0.2.0,1.0,0.1.2,0.1.0q,0.1.0,0.1.0,0.1.0,0.1,,,,0,0,0,1,0,triple_sigma_pack_long_step16,,0,0,0,INIT,2.0
2025.04.04 02:10,US100,PERIOD_M5,Bid,18455.97000000,18464.84000000,18450.59000000,18461.47000000,140.00,22.74071429,15.703524,0.00123179,-1,0,0,0,0.00000000,0.00000000,0.00000000,0.00000000,0.00000000,0.00000000,0.00000000,0.00000000,0.00000000,0.00000000,0.00000000,0.00000000,0.00000000,0.00000000,0.00000000,0.00000000,0.00000000,0.00000000,0.00000000,0.00000000,0.00000000,0.00000000,0.000000,0.000000,1.000000,PASS,1.500000,2.000000,24.000000,1.500000,2.000000,24.000000,PASS,0,0.000000,0.000000,0.000000,0.000000,24,0,,0.000000,0,0.000000,0.39420037,0.00000000,adaptive_quantile,0,0,0.2.0,1.0,0.1.2,0.1.0q,0.1.0,0.1.0,0.1.0,0.1,,,,0,0,0,1,0,triple_sigma_pack_long_step16,,0,0,0,INIT,2.0
2025.04.04 02:15,US100,PERIOD_M5,Bid,18461.84000000,18464.59000000,18449.34000000,18450.97000000,140.00,21.20500000,13.959449,0.00114926,-1,0,0,0,0.00000000,0.00000000,0.00000000,0.00000000,0.00000000,0.00000000,0.00000000,0.00000000,0.00000000,0.00000000,0.00000000,0.00000000,0.00000000,0.00000000,0.00000000,0.00000000,0.00000000,0.00000000,0.00000000,0.00000000,0.00000000,0.00000000,0.000000,0.000000,1.000000,PASS,1.500000,2.000000,24.000000,1.500000,2.000000,24.000000,PASS,0,0.000000,0.000000,0.000000,0.000000,24,0,,0.000000,0,0.000000,0.83049497,0.00000000,adaptive_quantile,0,0,0.2.0,1.0,0.1.2,0.1.0q,0.1.0,0.1.0,0.1.0,0.1,,,,0,0,0,1,0,triple_sigma_pack_long_step16,,0,0,0,INIT,2.0
2025.04.04 02:20,US100,PERIOD_M5,Bid,18450.97000000,18464.59000000,18438.72000000,18463.97000000,140.00,21.49928571,14.998897,0.00116439,-1,0,0,0,0.00000000,0.00000000,0.00000000,0.00000000,0.00000000,0.00000000,0.00000000,0.00000000,0.00000000,0.00000000,0.00000000,0.00000000,0.00000000,0.00000000,0.00000000,0.00000000,0.00000000,0.00000000,0.00000000,0.00000000,0.00000000,0.00000000,0.000000,0.000000,1.000000,PASS,1.500000,2.000000,24.000000,1.500000,2.000000,24.000000,PASS,0,0.000000,0.000000,0.000000,0.000000,24,0,,0.000000,0,0.000000,0.19403141,0.00000000,adaptive_quantile,0,0,0.2.0,1.0,0.1.2,0.1.0q,0.1.0,0.1.0,0.1.0,0.1,,,,0,0,0,1,0,triple_sigma_pack_long_step16,,0,0,0,INIT,2.0
2025.04.04 02:25,US100,PERIOD_M5,Bid,18463.97000000,18485.72000000,18463.72000000,18483.59000000,140.00,21.05285714,16.441357,0.00113900,-1,0,0,0,0.00000000,0.00000000,0.00000000,0.00000000,0.00000000,0.00000000,0.00000000,0.00000000,0.00000000,0.00000000,0.00000000,0.00000000,0.00000000,0.00000000,0.00000000,0.00000000,0.00000000,0.00000000,0.00000000,0.00000000,0.00000000,0.00000000,0.000000,0.000000,1.000000,PASS,1.500000,2.000000,24.000000,1.500000,2.000000,24.000000,PASS,0,0.000000,0.000000,0.000000,0.000000,24,0,,0.000000,0,0.000000,0.66390899,0.00000000,adaptive_quantile,0,0,0.2.0,1.0,0.1.2,0.1.0q,0.1.0,0.1.0,0.1.0,0.1,,,,0,0,0,1,0,triple_sigma_pack_long_step16,,0,0,0,INIT,2.0
2025.04.04 02:30,US100,PERIOD_M5,Bid,18483.59000000,18495.72000000,18478.47000000,18492.97000000,140.00,19.47285714,19.807249,0.00105299,-1,0,0,0,0.00000000,0.00000000,0.00000000,0.00000000,0.00000000,0.00000000,0.00000000,0.00000000,0.00000000,0.00000000,0.00000000,0.00000000,0.00000000,0.00000000,0.00000000,0.00000000,0.00000000,0.00000000,0.00000000,0.00000000,0.00000000,0.00000000,0.000000,0.000000,1.000000,PASS,1.500000,2.000000,24.000000,1.500000,2.000000,24.000000,PASS,0,0.000000,0.000000,0.000000,0.000000,24,0,,0.000000,0,0.000000,1.08523816,0.00000000,adaptive_quantile,0,0,0.2.0,1.0,0.1.2,0.1.0q,0.1.0,0.1.0,0.1.0,0.1,,,,0,0,0,1,0,triple_sigma_pack_long_step16,,0,0,0,INIT,2.0
2025.04.04 02:35,US100,PERIOD_M5,Bid,18492.72000000,18497.97000000,18490.72000000,18493.84000000,140.00,17.75857143,23.631809,0.00096024,-1,0,0,0,0.00000000,0.00000000,0.00000000,0.00000000,0.00000000,0.00000000,0.00000000,0.00000000,0.00000000,0.00000000,0.00000000,0.00000000,0.00000000,0.00000000,0.00000000,0.00000000,0.00000000,0.00000000,0.00000000,0.00000000,0.00000000,0.00000000,0.000000,0.000000,1.000000,PASS,1.500000,2.000000,24.000000,1.500000,2.000000,24.000000,PASS,0,0.000000,0.000000,0.000000,0.000000,24,0,,0.000000,0,0.000000,1.12099071,0.00000000,adaptive_quantile,0,0,0.2.0,1.0,0.1.2,0.1.0q,0.1.0,0.1.0,0.1.0,0.1,,,,0,0,0,1,0,triple_sigma_pack_long_step16,,0,0,0,INIT,2.0
2025.04.04 02:40,US100,PERIOD_M5,Bid,18494.09000000,18497.34000000,18488.59000000,18488.84000000,140.00,17.15142857,25.054889,0.00092766,-1,0,0,0,0.00000000,0.00000000,0.00000000,0.00000000,0.00000000,0.00000000,0.00000000,0.00000000,0.00000000,0.00000000,0.00000000,0.00000000,0.00000000,0.00000000,0.00000000,0.00000000,0.00000000,0.00000000,0.00000000,0.00000000,0.00000000,0.00000000,0.000000,0.000000,1.000000,PASS,1.500000,2.000000,24.000000,1.500000,2.000000,24.000000,PASS,0,0.000000,0.000000,0.000000,0.000000,24,0,,0.000000,0,0.000000,0.78637536,0.00000000,adaptive_quantile,0,0,0.2.0,1.0,0.1.2,0.1.0q,0.1.0,0.1.0,0.1.0,0.1,,,,0,0,0,1,0,triple_sigma_pack_long_step16,,0,0,0,INIT,2.0
2025.04.04 02:45,US100,PERIOD_M5,Bid,18488.84000000,18509.09000000,18485.34000000,18508.47000000,140.00,17.57071429,27.891477,0.00094933,-1,0,0,0,0.00000000,0.00000000,0.00000000,0.00000000,0.00000000,0.00000000,0.00000000,0.00000000,0.00000000,0.00000000,0.00000000,0.00000000,0.00000000,0.00000000,0.00000000,0.00000000,0.00000000,0.00000000,0.00000000,0.00000000,0.00000000,0.00000000,0.000000,0.000000,1.000000,PASS,1.500000,2.000000,24.000000,1.500000,2.000000,24.000000,PASS,0,0.000000,0.000000,0.000000,0.000000,24,0,,0.000000,0,0.000000,1.70530443,0.00000000,adaptive_quantile,0,0,0.2.0,1.0,0.1.2,0.1.0q,0.1.0,0.1.0,0.1.0,0.1,,,,0,0,0,1,0,triple_sigma_pack_long_step16,,0,0,0,INIT,2.0
2025.04.04 02:50,US100,PERIOD_M5,Bid,18508.22000000,18508.47000000,18487.09000000,18491.59000000,140.00,17.92857143,30.349853,0.00096955,-1,0,0,0,0.00000000,0.00000000,0.00000000,0.00000000,0.00000000,0.00000000,0.00000000,0.00000000,0.00000000,0.00000000,0.00000000,0.00000000,0.00000000,0.00000000,0.00000000,0.00000000,0.00000000,0.00000000,0.00000000,0.00000000,0.00000000,0.00000000,0.000000,0.000000,1.000000,PASS,1.500000,2.000000,24.000000,1.500000,2.000000,24.000000,PASS,0,0.000000,0.000000,0.000000,0.000000,24,0,,0.000000,0,0.000000,0.66025212,0.00000000,adaptive_quantile,0,0,0.2.0,1.0,0.1.2,0.1.0q,0.1.0,0.1.0,0.1.0,0.1,,,,0,0,0,1,0,triple_sigma_pack_long_step16,,0,0,0,INIT,2.0
2025.04.04 02:55,US100,PERIOD_M5,Bid,18491.59000000,18493.22000000,18472.59000000,18477.09000000,140.00,18.43785714,27.463000,0.00099788,-1,0,0,0,0.00000000,0.00000000,0.00000000,0.00000000,0.00000000,0.00000000,0.00000000,0.00000000,0.00000000,0.00000000,0.00000000,0.00000000,0.00000000,0.00000000,0.00000000,0.00000000,0.00000000,0.00000000,0.00000000,0.00000000,0.00000000,0.00000000,0.000000,0.000000,1.000000,PASS,1.500000,2.000000,24.000000,1.500000,2.000000,24.000000,PASS,0,0.000000,0.000000,0.000000,0.000000,24,0,,0.000000,0,0.000000,0.13065724,0.00000000,adaptive_quantile,0,0,0.2.0,1.0,0.1.2,0.1.0q,0.1.0,0.1.0,0.1.0,0.1,,,,0,0,0,1,0,triple_sigma_pack_long_step16,,0,0,0,INIT,2.0
2025.04.04 03:00,US100,PERIOD_M5,Bid,18477.22000000,18531.72000000,18476.47000000,18529.09000000,140.00,20.97357143,27.728263,0.00113193,-1,0,0,0,0.00000000,0.00000000,0.00000000,0.00000000,0.00000000,0.00000000,0.00000000,0.00000000,0.00000000,0.00000000,0.00000000,0.00000000,0.00000000,0.00000000,0.00000000,0.00000000,0.00000000,0.00000000,0.00000000,0.00000000,0.00000000,0.00000000,0.000000,0.000000,1.000000,PASS,1.500000,2.000000,24.000000,1.500000,2.000000,24.000000,PASS,0,0.000000,0.000000,0.000000,0.000000,24,0,,0.000000,0,0.000000,2.13926426,0.00000000,adaptive_quantile,0,0,0.2.0,1.0,0.1.2,0.1.0q,0.1.0,0.1.0,0.1.0,0.1,,,,0,0,0,1,0,triple_sigma_pack_long_step16,,0,0,0,INIT,2.0
2025.04.04 03:05,US100,PERIOD_M5,Bid,18529.09000000,18535.97000000,18510.47000000,18511.72000000,140.00,21.29500000,28.513407,0.00115035,-1,0,0,0,0.00000000,0.00000000,0.00000000,0.00000000,0.00000000,0.00000000,0.00000000,0.00000000,0.00000000,0.00000000,0.00000000,0.00000000,0.00000000,0.00000000,0.00000000,0.00000000,0.00000000,0.00000000,0.00000000,0.00000000,0.00000000,0.00000000,0.000000,0.000000,1.000000,PASS,1.500000,2.000000,24.000000,1.500000,2.000000,24.000000,PASS,0,0.000000,0.000000,0.000000,0.000000,24,0,,0.000000,0,0.000000,1.16830963,0.00000000,adaptive_quantile,0,0,0.2.0,1.0,0.1.2,0.1.0q,0.1.0,0.1.0,0.1.0,0.1,,,,0,0,0,1,0,triple_sigma_pack_long_step16,,0,0,0,INIT,2.0
2025.04.04 03:10,US100,PERIOD_M5,Bid,18512.09000000,18521.47000000,18505.59000000,18512.47000000,140.00,20.68857143,27.206131,0.00111755,-1,0,0,0,0.00000000,0.00000000,0.00000000,0.00000000,0.00000000,0.00000000,0.00000000,0.00000000,0.00000000,0.00000000,0.00000000,0.00000000,0.00000000,0.00000000,0.00000000,0.00000000,0.00000000,0.00000000,0.00000000,0.00000000,0.00000000,0.00000000,0.000000,0.000000,1.000000,PASS,1.500000,2.000000,24.000000,1.500000,2.000000,24.000000,PASS,0,0.000000,0.000000,0.000000,0.000000,24,0,,0.000000,0,0.000000,1.12082566,0.00000000,adaptive_quantile,0,0,0.2.0,1.0,0.1.2,0.1.0q,0.1.0,0.1.0,0.1.0,0.1,,,,0,0,0,1,0,triple_sigma_pack_long_step16,,0,0,0,INIT,2.0
2025.04.04 03:15,US100,PERIOD_M5,Bid,18512.22000000,18517.34000000,18501.47000000,18512.72000000,140.00,20.63428571,24.520618,0.00111460,-1,0,0,0,0.00000000,0.00000000,0.00000000,0.00000000,0.00000000,0.00000000,0.00000000,0.00000000,0.00000000,0.00000000,0.00000000,0.00000000,0.00000000,0.00000000,0.00000000,0.00000000,0.00000000,0.00000000,0.00000000,0.00000000,0.00000000,0.00000000,0.000000,0.000000,1.000000,PASS,1.500000,2.000000,24.000000,1.500000,2.000000,24.000000,PASS,0,0.000000,0.000000,0.000000,0.000000,24,0,,0.000000,0,0.000000,1.02771013,0.00000000,adaptive_quantile,0,0,0.2.0,1.0,0.1.2,0.1.0q,0.1.0,0.1.0,0.1.0,0.1,,,,0,0,0,1,0,triple_sigma_pack_long_step16,,0,0,0,INIT,2.0
2025.04.04 03:20,US100,PERIOD_M5,Bid,18513.47000000,18519.09000000,18501.72000000,18504.47000000,140.00,20.85714286,22.714533,0.00112714,-1,0,0,0,0.00000000,0.00000000,0.00000000,0.00000000,0.00000000,0.00000000,0.00000000,0.00000000,0.00000000,0.00000000,0.00000000,0.00000000,0.00000000,0.00000000,0.00000000,0.00000000,0.00000000,0.00000000,0.00000000,0.00000000,0.00000000,0.00000000,0.000000,0.000000,1.000000,PASS,1.500000,2.000000,24.000000,1.500000,2.000000,24.000000,PASS,0,0.000000,0.000000,0.000000,0.000000,24,0,,0.000000,0,0.000000,0.56202106,0.00000000,adaptive_quantile,0,0,0.2.0,1.0,0.1.2,0.1.0q,0.1.0,0.1.0,0.1.0,0.1,,,,0,0,0,1,0,triple_sigma_pack_long_step16,,0,0,0,INIT,2.0
2025.04.04 03:25,US100,PERIOD_M5,Bid,18503.97000000,18526.84000000,18498.34000000,18520.97000000,140.00,21.80357143,22.524442,0.00117724,-1,0,0,0,0.00000000,0.00000000,0.00000000,0.00000000,0.00000000,0.00000000,0.00000000,0.00000000,0.00000000,0.00000000,0.00000000,0.00000000,0.00000000,0.00000000,0.00000000,0.00000000,0.00000000,0.00000000,0.00000000,0.00000000,0.00000000,0.00000000,0.000000,0.000000,1.000000,PASS,1.500000,2.000000,24.000000,1.500000,2.000000,24.000000,PASS,0,0.000000,0.000000,0.000000,0.000000,24,0,,0.000000,0,0.000000,1.17110765,0.00000000,adaptive_quantile,0,0,0.2.0,1.0,0.1.2,0.1.0q,0.1.0,0.1.0,0.1.0,0.1,,,,0,0,0,1,0,triple_sigma_pack_long_step16,,0,0,0,INIT,2.0
2025.04.04 03:30,US100,PERIOD_M5,Bid,18520.84000000,18522.47000000,18500.97000000,18503.22000000,140.00,21.49142857,22.359696,0.00116150,-1,0,0,0,0.00000000,0.00000000,0.00000000,0.00000000,0.00000000,0.00000000,0.00000000,0.00000000,0.00000000,0.00000000,0.00000000,0.00000000,0.00000000,0.00000000,0.00000000,0.00000000,0.00000000,0.00000000,0.00000000,0.00000000,0.00000000,0.00000000,0.000000,0.000000,1.000000,PASS,1.500000,2.000000,24.000000,1.500000,2.000000,24.000000,PASS,0,0.000000,0.000000,0.000000,0.000000,24,0,,0.000000,0,0.000000,0.32771040,0.00000000,adaptive_quantile,0,0,0.2.0,1.0,0.1.2,0.1.0q,0.1.0,0.1.0,0.1.0,0.1,,,,0,0,0,1,0,triple_sigma_pack_long_step16,,0,0,0,INIT,2.0
2025.04.04 03:35,US100,PERIOD_M5,Bid,18503.22000000,18505.22000000,18490.84000000,18498.47000000,140.00,20.94714286,21.156914,0.00113237,-1,0,0,0,0.00000000,0.00000000,0.00000000,0.00000000,0.00000000,0.00000000,0.00000000,0.00000000,0.00000000,0.00000000,0.00000000,0.00000000,0.00000000,0.00000000,0.00000000,0.00000000,0.00000000,0.00000000,0.00000000,0.00000000,0.00000000,0.00000000,0.000000,0.000000,1.000000,PASS,1.500000,2.000000,24.000000,1.500000,2.000000,24.000000,PASS,0,0.000000,0.000000,0.000000,0.000000,24,0,,0.000000,0,0.000000,0.09903914,0.00000000,adaptive_quantile,0,0,0.2.0,1.0,0.1.2,0.1.0q,0.1.0,0.1.0,0.1.0,0.1,,,,0,0,0,1,0,triple_sigma_pack_long_step16,,0,0,0,INIT,2.0
2025.04.04 03:40,US100,PERIOD_M5,Bid,18499.09000000,18500.22000000,18486.22000000,18491.59000000,140.00,20.71500000,21.659231,0.00112024,-1,0,0,0,0.00000000,0.00000000,0.00000000,0.00000000,0.00000000,0.00000000,0.00000000,0.00000000,0.00000000,0.00000000,0.00000000,0.00000000,0.00000000,0.00000000,0.00000000,0.00000000,0.00000000,0.00000000,0.00000000,0.00000000,0.00000000,0.00000000,0.000000,0.000000,1.000000,PASS,1.500000,2.000000,24.000000,1.500000,2.000000,24.000000,PASS,0,0.000000,0.000000,0.000000,0.000000,24,0,,0.000000,0,0.000000,0.20988436,0.00000000,adaptive_quantile,0,0,0.2.0,1.0,0.1.2,0.1.0q,0.1.0,0.1.0,0.1.0,0.1,,,,0,0,0,1,0,triple_sigma_pack_long_step16,,0,0,0,INIT,2.0
2025.04.04 03:45,US100,PERIOD_M5,Bid,18491.72000000,18492.84000000,18461.34000000,18478.47000000,140.00,22.44714286,24.793763,0.00121477,-1,0,0,0,0.00000000,0.00000000,0.00000000,0.00000000,0.00000000,0.00000000,0.00000000,0.00000000,0.00000000,0.00000000,0.00000000,0.00000000,0.00000000,0.00000000,0.00000000,0.00000000,0.00000000,0.00000000,0.00000000,0.00000000,0.00000000,0.00000000,0.000000,0.000000,1.000000,PASS,1.500000,2.000000,24.000000,1.500000,2.000000,24.000000,PASS,0,0.000000,0.000000,0.000000,0.000000,24,0,,0.000000,0,0.000000,0.70406104,0.00000000,adaptive_quantile,0,0,0.2.0,1.0,0.1.2,0.1.0q,0.1.0,0.1.0,0.1.0,0.1,,,,0,0,0,1,0,triple_sigma_pack_long_step16,,0,0,0,INIT,2.0
2025.04.04 03:50,US100,PERIOD_M5,Bid,18478.47000000,18490.97000000,18478.09000000,18490.34000000,140.00,22.74214286,27.510357,0.00122995,-1,0,0,0,0.00000000,0.00000000,0.00000000,0.00000000,0.00000000,0.00000000,0.00000000,0.00000000,0.00000000,0.00000000,0.00000000,0.00000000,0.00000000,0.00000000,0.00000000,0.00000000,0.00000000,0.00000000,0.00000000,0.00000000,0.00000000,0.00000000,0.000000,0.000000,1.000000,PASS,1.500000,2.000000,24.000000,1.500000,2.000000,24.000000,PASS,0,0.000000,0.000000,0.000000,0.000000,24,0,,0.000000,0,0.000000,0.15651459,0.00000000,adaptive_quantile,0,0,0.2.0,1.0,0.1.2,0.1.0q,0.1.0,0.1.0,0.1.0,0.1,,,,0,0,0,1,0,triple_sigma_pack_long_step16,,0,0,0,INIT,2.0
2025.04.04 03:55,US100,PERIOD_M5,Bid,18490.59000000,18497.47000000,18478.34000000,18496.47000000,140.00,22.41214286,27.275393,0.00121170,-1,0,0,0,0.00000000,0.00000000,0.00000000,0.00000000,0.00000000,0.00000000,0.00000000,0.00000000,0.00000000,0.00000000,0.00000000,0.00000000,0.00000000,0.00000000,0.00000000,0.00000000,0.00000000,0.00000000,0.00000000,0.00000000,0.00000000,0.00000000,0.000000,0.000000,1.000000,PASS,1.500000,2.000000,24.000000,1.500000,2.000000,24.000000,PASS,0,0.000000,0.000000,0.000000,0.000000,24,0,,0.000000,0,0.000000,0.10377014,0.00000000,adaptive_quantile,0,0,0.2.0,1.0,0.1.2,0.1.0q,0.1.0,0.1.0,0.1.0,0.1,,,,0,0,0,1,0,triple_sigma_pack_long_step16,,0,0,0,INIT,2.0
2025.04.04 04:00,US100,PERIOD_M5,Bid,18496.47000000,18508.34000000,18490.84000000,18499.59000000,140.00,22.13500000,23.895479,0.00119651,-1,0,0,0,0.00000000,0.00000000,0.00000000,0.00000000,0.00000000,0.00000000,0.00000000,0.00000000,0.00000000,0.00000000,0.00000000,0.00000000,0.00000000,0.00000000,0.00000000,0.00000000,0.00000000,0.00000000,0.00000000,0.00000000,0.00000000,0.00000000,0.000000,0.000000,1.000000,PASS,1.500000,2.000000,24.000000,1.500000,2.000000,24.000000,PASS,0,0.000000,0.000000,0.000000,0.000000,24,0,,0.000000,0,0.000000,0.22259192,0.00000000,adaptive_quantile,0,0,0.2.0,1.0,0.1.2,0.1.0q,0.1.0,0.1.0,0.1.0,0.1,,,,0,0,0,1,0,triple_sigma_pack_long_step16,,0,0,0,INIT,2.0
2025.04.04 04:05,US100,PERIOD_M5,Bid,18499.47000000,18508.59000000,18488.84000000,18494.59000000,140.00,22.07214286,20.992866,0.00119344,-1,0,0,0,0.00000000,0.00000000,0.00000000,0.00000000,0.00000000,0.00000000,0.00000000,0.00000000,0.00000000,0.00000000,0.00000000,0.00000000,0.00000000,0.00000000,0.00000000,0.00000000,0.00000000,0.00000000,0.00000000,0.00000000,0.00000000,0.00000000,0.000000,0.000000,1.000000,PASS,1.500000,2.000000,24.000000,1.500000,2.000000,24.000000,PASS,0,0.000000,0.000000,0.000000,0.000000,24,0,,0.000000,0,0.000000,0.00298940,0.00000000,adaptive_quantile,0,0,0.2.0,1.0,0.1.2,0.1.0q,0.1.0,0.1.0,0.1.0,0.1,,,,0,0,0,1,0,triple_sigma_pack_long_step16,,0,0,0,INIT,2.0
2025.04.04 04:10,US100,PERIOD_M5,Bid,18494.72000000,18497.72000000,18481.97000000,18488.47000000,140.00,19.25071429,20.630244,0.00104123,-1,0,0,0,0.00000000,0.00000000,0.00000000,0.00000000,0.00000000,0.00000000,0.00000000,0.00000000,0.00000000,0.00000000,0.00000000,0.00000000,0.00000000,0.00000000,0.00000000,0.00000000,0.00000000,0.00000000,0.00000000,0.00000000,0.00000000,0.00000000,0.000000,0.000000,1.000000,PASS,1.500000,2.000000,24.000000,1.500000,2.000000,24.000000,PASS,0,0.000000,0.000000,0.000000,0.000000,24,0,,0.000000,0,0.000000,0.29073421,0.00000000,adaptive_quantile,0,0,0.2.0,1.0,0.1.2,0.1.0q,0.1.0,0.1.0,0.1.0,0.1,,,,0,0,0,1,0,triple_sigma_pack_long_step16,,0,0,0,INIT,2.0
2025.04.04 04:15,US100,PERIOD_M5,Bid,18488.47000000,18498.47000000,18484.22000000,18492.22000000,140.00,18.44714286,19.961883,0.00099756,-1,0,0,0,0.00000000,0.00000000,0.00000000,0.00000000,0.00000000,0.00000000,0.00000000,0.00000000,0.00000000,0.00000000,0.00000000,0.00000000,0.00000000,0.00000000,0.00000000,0.00000000,0.00000000,0.00000000,0.00000000,0.00000000,0.00000000,0.00000000,0.000000,0.000000,1.000000,PASS,1.500000,2.000000,24.000000,1.500000,2.000000,24.000000,PASS,0,0.000000,0.000000,0.000000,0.000000,24,0,,0.000000,0,0.000000,0.09058051,0.00000000,adaptive_quantile,0,0,0.2.0,1.0,0.1.2,0.1.0q,0.1.0,0.1.0,0.1.0,0.1,,,,0,0,0,1,0,triple_sigma_pack_long_step16,,0,0,0,INIT,2.0
2025.04.04 04:20,US100,PERIOD_M5,Bid,18492.34000000,18522.34000000,18492.22000000,18518.59000000,140.00,19.46428571,19.544099,0.00105107,-1,0,0,0,0.00000000,0.00000000,0.00000000,0.00000000,0.00000000,0.00000000,0.00000000,0.00000000,0.00000000,0.00000000,0.00000000,0.00000000,0.00000000,0.00000000,0.00000000,0.00000000,0.00000000,0.00000000,0.00000000,0.00000000,0.00000000,0.00000000,0.000000,0.000000,1.000000,PASS,1.500000,2.000000,24.000000,1.500000,2.000000,24.000000,PASS,0,0.000000,0.000000,0.000000,0.000000,24,0,,0.000000,0,0.000000,1.14809032,0.00000000,adaptive_quantile,0,0,0.2.0,1.0,0.1.2,0.1.0q,0.1.0,0.1.0,0.1.0,0.1,,,,0,0,0,1,0,triple_sigma_pack_long_step16,,0,0,0,INIT,2.0
2025.04.04 04:25,US100,PERIOD_M5,Bid,18518.84000000,18522.72000000,18488.97000000,18495.47000000,140.00,20.74142857,18.592328,0.00112143,-1,0,0,0,0.00000000,0.00000000,0.00000000,0.00000000,0.00000000,0.00000000,0.00000000,0.00000000,0.00000000,0.00000000,0.00000000,0.00000000,0.00000000,0.00000000,0.00000000,0.00000000,0.00000000,0.00000000,0.00000000,0.00000000,0.00000000,0.00000000,0.000000,0.000000,1.000000,PASS,1.500000,2.000000,24.000000,1.500000,2.000000,24.000000,PASS,0,0.000000,0.000000,0.000000,0.000000,24,0,,0.000000,0,0.000000,0.03372959,0.00000000,adaptive_quantile,0,0,0.2.0,1.0,0.1.2,0.1.0q,0.1.0,0.1.0,0.1.0,0.1,,,,0,0,0,1,0,triple_sigma_pack_long_step16,,0,0,0,INIT,2.0
2025.04.04 04:30,US100,PERIOD_M5,Bid,18495.47000000,18501.47000000,18477.72000000,18481.59000000,140.00,21.19714286,17.109968,0.00114693,-1,0,0,0,0.00000000,0.00000000,0.00000000,0.00000000,0.00000000,0.00000000,0.00000000,0.00000000,0.00000000,0.00000000,0.00000000,0.00000000,0.00000000,0.00000000,0.00000000,0.00000000,0.00000000,0.00000000,0.00000000,0.00000000,0.00000000,0.00000000,0.000000,0.000000,1.000000,PASS,1.500000,2.000000,24.000000,1.500000,2.000000,24.000000,PASS,0,0.000000,0.000000,0.000000,0.000000,24,0,,0.000000,0,0.000000,0.62230399,0.00000000,adaptive_quantile,0,0,0.2.0,1.0,0.1.2,0.1.0q,0.1.0,0.1.0,0.1.0,0.1,,,,0,0,0,1,0,triple_sigma_pack_long_step16,,0,0,0,INIT,2.0
2025.04.04 04:35,US100,PERIOD_M5,Bid,18481.59000000,18483.34000000,18471.47000000,18475.09000000,140.00,20.00928571,18.106313,0.00108304,-1,0,0,0,0.00000000,0.00000000,0.00000000,0.00000000,0.00000000,0.00000000,0.00000000,0.00000000,0.00000000,0.00000000,0.00000000,0.00000000,0.00000000,0.00000000,0.00000000,0.00000000,0.00000000,0.00000000,0.00000000,0.00000000,0.00000000,0.00000000,0.000000,0.000000,1.000000,PASS,1.500000,2.000000,24.000000,1.500000,2.000000,24.000000,PASS,0,0.000000,0.000000,0.000000,0.000000,24,0,,0.000000,0,0.000000,0.89037295,0.00000000,adaptive_quantile,0,0,0.2.0,1.0,0.1.2,0.1.0q,0.1.0,0.1.0,0.1.0,0.1,,,,0,0,0,1,0,triple_sigma_pack_long_step16,,0,0,0,INIT,2.0
2025.04.04 04:40,US100,PERIOD_M5,Bid,18475.09000000,18485.59000000,18473.34000000,18480.09000000,140.00,19.34857143,17.819217,0.00104700,-1,0,0,0,0.00000000,0.00000000,0.00000000,0.00000000,0.00000000,0.00000000,0.00000000,0.00000000,0.00000000,0.00000000,0.00000000,0.00000000,0.00000000,0.00000000,0.00000000,0.00000000,0.00000000,0.00000000,0.00000000,0.00000000,0.00000000,0.00000000,0.000000,0.000000,1.000000,PASS,1.500000,2.000000,24.000000,1.500000,2.000000,24.000000,PASS,0,0.000000,0.000000,0.000000,0.000000,24,0,,0.000000,0,0.000000,0.59927843,0.00000000,adaptive_quantile,0,0,0.2.0,1.0,0.1.2,0.1.0q,0.1.0,0.1.0,0.1.0,0.1,,,,0,0,0,1,0,triple_sigma_pack_long_step16,,0,0,0,INIT,2.0
2025.04.04 04:45,US100,PERIOD_M5,Bid,18480.09000000,18495.72000000,18474.09000000,18483.09000000,140.00,19.86642857,15.933532,0.00107484,-1,0,0,0,0.00000000,0.00000000,0.00000000,0.00000000,0.00000000,0.00000000,0.00000000,0.00000000,0.00000000,0.00000000,0.00000000,0.00000000,0.00000000,0.00000000,0.00000000,0.00000000,0.00000000,0.00000000,0.00000000,0.00000000,0.00000000,0.00000000,0.000000,0.000000,1.000000,PASS,1.500000,2.000000,24.000000,1.500000,2.000000,24.000000,PASS,0,0.000000,0.000000,0.000000,0.000000,24,0,,0.000000,0,0.000000,0.39144392,0.00000000,adaptive_quantile,0,0,0.2.0,1.0,0.1.2,0.1.0q,0.1.0,0.1.0,0.1.0,0.1,,,,0,0,0,1,0,triple_sigma_pack_long_step16,,0,0,0,INIT,2.0
2025.04.04 04:50,US100,PERIOD_M5,Bid,18483.09000000,18484.09000000,18464.47000000,18468.59000000,140.00,20.26785714,15.665849,0.00109742,-1,0,0,0,0.00000000,0.00000000,0.00000000,0.00000000,0.00000000,0.00000000,0.00000000,0.00000000,0.00000000,0.00000000,0.00000000,0.00000000,0.00000000,0.00000000,0.00000000,0.00000000,0.00000000,0.00000000,0.00000000,0.00000000,0.00000000,0.00000000,0.000000,0.000000,1.000000,PASS,1.500000,2.000000,24.000000,1.500000,2.000000,24.000000,PASS,0,0.000000,0.000000,0.000000,0.000000,24,0,,0.000000,0,0.000000,0.99443233,0.00000000,adaptive_quantile,0,0,0.2.0,1.0,0.1.2,0.1.0q,0.1.0,0.1.0,0.1.0,0.1,,,,0,0,0,1,0,triple_sigma_pack_long_step16,,0,0,0,INIT,2.0
2025.04.04 04:55,US100,PERIOD_M5,Bid,18467.72000000,18474.59000000,18456.59000000,18462.72000000,140.00,19.30357143,17.142397,0.00104554,-1,0,0,0,0.00000000,0.00000000,0.00000000,0.00000000,0.00000000,0.00000000,0.00000000,0.00000000,0.00000000,0.00000000,0.00000000,0.00000000,0.00000000,0.00000000,0.00000000,0.00000000,0.00000000,0.00000000,0.00000000,0.00000000,0.00000000,0.00000000,0.000000,0.000000,1.000000,PASS,1.500000,2.000000,24.000000,1.500000,2.000000,24.000000,PASS,0,0.000000,0.000000,0.000000,0.000000,24,0,,0.000000,0,0.000000,1.21979707,0.00000000,adaptive_quantile,0,0,0.2.0,1.0,0.1.2,0.1.0q,0.1.0,0.1.0,0.1.0,0.1,,,,0,0,0,1,0,triple_sigma_pack_long_step16,,0,0,0,INIT,2.0
2025.04.04 05:00,US100,PERIOD_M5,Bid,18462.59000000,18470.47000000,18460.72000000,18467.84000000,140.00,19.08000000,18.422071,0.00103315,-1,0,0,0,0.00000000,0.00000000,0.00000000,0.00000000,0.00000000,0.00000000,0.00000000,0.00000000,0.00000000,0.00000000,0.00000000,0.00000000,0.00000000,0.00000000,0.00000000,0.00000000,0.00000000,0.00000000,0.00000000,0.00000000,0.00000000,0.00000000,0.000000,0.000000,1.000000,PASS,1.500000,2.000000,24.000000,1.500000,2.000000,24.000000,PASS,0,0.000000,0.000000,0.000000,0.000000,24,0,,0.000000,0,0.000000,0.87377048,0.00000000,adaptive_quantile,0,0,0.2.0,1.0,0.1.2,0.1.0q,0.1.0,0.1.0,0.1.0,0.1,,,,0,0,0,1,0,triple_sigma_pack_long_step16,,0,0,0,INIT,2.0
2025.04.04 05:05,US100,PERIOD_M5,Bid,18467.97000000,18491.97000000,18466.34000000,18491.97000000,140.00,19.54428571,17.051875,0.00105691,-1,0,0,0,0.00000000,0.00000000,0.00000000,0.00000000,0.00000000,0.00000000,0.00000000,0.00000000,0.00000000,0.00000000,0.00000000,0.00000000,0.00000000,0.00000000,0.00000000,0.00000000,0.00000000,0.00000000,0.00000000,0.00000000,0.00000000,0.00000000,0.000000,0.000000,1.000000,PASS,1.500000,2.000000,24.000000,1.500000,2.000000,24.000000,PASS,0,0.000000,0.000000,0.000000,0.000000,24,0,,0.000000,0,0.000000,0.34527380,0.00000000,adaptive_quantile,0,0,0.2.0,1.0,0.1.2,0.1.0q,0.1.0,0.1.0,0.1.0,0.1,,,,0,0,0,1,0,triple_sigma_pack_long_step16,,0,0,0,INIT,2.0
2025.04.04 05:10,US100,PERIOD_M5,Bid,18491.97000000,18501.72000000,18490.72000000,18499.59000000,140.00,19.08000000,18.941669,0.00103137,-1,0,0,0,0.00000000,0.00000000,0.00000000,0.00000000,0.00000000,0.00000000,0.00000000,0.00000000,0.00000000,0.00000000,0.00000000,0.00000000,0.00000000,0.00000000,0.00000000,0.00000000,0.00000000,0.00000000,0.00000000,0.00000000,0.00000000,0.00000000,0.000000,0.000000,1.000000,PASS,1.500000,2.000000,24.000000,1.500000,2.000000,24.000000,PASS,0,0.000000,0.000000,0.000000,0.000000,24,0,,0.000000,0,0.000000,0.68132791,0.00000000,adaptive_quantile,0,0,0.2.0,1.0,0.1.2,0.1.0q,0.1.0,0.1.0,0.1.0,0.1,,,,0,0,0,1,0,triple_sigma_pack_long_step16,,0,0,0,INIT,2.0
2025.04.04 05:15,US100,PERIOD_M5,Bid,18499.84000000,18502.72000000,18491.09000000,18496.97000000,140.00,18.50000000,20.830337,0.00100016,-1,0,0,0,0.00000000,0.00000000,0.00000000,0.00000000,0.00000000,0.00000000,0.00000000,0.00000000,0.00000000,0.00000000,0.00000000,0.00000000,0.00000000,0.00000000,0.00000000,0.00000000,0.00000000,0.00000000,0.00000000,0.00000000,0.00000000,0.00000000,0.000000,0.000000,1.000000,PASS,1.500000,2.000000,24.000000,1.500000,2.000000,24.000000,PASS,0,0.000000,0.000000,0.000000,0.000000,24,0,,0.000000,0,0.000000,0.50763190,0.00000000,adaptive_quantile,0,0,0.2.0,1.0,0.1.2,0.1.0q,0.1.0,0.1.0,0.1.0,0.1,,,,0,0,0,1,0,triple_sigma_pack_long_step16,,0,0,0,INIT,2.0
2025.04.04 05:20,US100,PERIOD_M5,Bid,18496.59000000,18501.34000000,18480.22000000,18480.47000000,140.00,18.88357143,19.646942,0.00102181,-1,0,0,0,0.00000000,0.00000000,0.00000000,0.00000000,0.00000000,0.00000000,0.00000000,0.00000000,0.00000000,0.00000000,0.00000000,0.00000000,0.00000000,0.00000000,0.00000000,0.00000000,0.00000000,0.00000000,0.00000000,0.00000000,0.00000000,0.00000000,0.000000,0.000000,1.000000,PASS,1.500000,2.000000,24.000000,1.500000,2.000000,24.000000,PASS,0,0.000000,0.000000,0.000000,0.000000,24,0,,0.000000,0,0.000000,0.34060190,0.00000000,adaptive_quantile,0,0,0.2.0,1.0,0.1.2,0.1.0q,0.1.0,0.1.0,0.1.0,0.1,,,,0,0,0,1,0,triple_sigma_pack_long_step16,,0,0,0,INIT,2.0
2025.04.04 05:25,US100,PERIOD_M5,Bid,18480.47000000,18486.34000000,18474.84000000,18483.59000000,140.00,18.68714286,17.565822,0.00101101,-1,0,0,0,0.00000000,0.00000000,0.00000000,0.00000000,0.00000000,0.00000000,0.00000000,0.00000000,0.00000000,0.00000000,0.00000000,0.00000000,0.00000000,0.00000000,0.00000000,0.00000000,0.00000000,0.00000000,0.00000000,0.00000000,0.00000000,0.00000000,0.000000,0.000000,1.000000,PASS,1.500000,2.000000,24.000000,1.500000,2.000000,24.000000,PASS,0,0.000000,0.000000,0.000000,0.000000,24,0,,0.000000,0,0.000000,0.16034408,0.00000000,adaptive_quantile,0,0,0.2.0,1.0,0.1.2,0.1.0q,0.1.0,0.1.0,0.1.0,0.1,,,,0,0,0,1,0,triple_sigma_pack_long_step16,,0,0,0,INIT,2.0
2025.04.04 05:30,US100,PERIOD_M5,Bid,18484.59000000,18490.47000000,18471.97000000,18485.72000000,140.00,17.85714286,15.696795,0.00096600,-1,0,0,0,0.00000000,0.00000000,0.00000000,0.00000000,0.00000000,0.00000000,0.00000000,0.00000000,0.00000000,0.00000000,0.00000000,0.00000000,0.00000000,0.00000000,0.00000000,0.00000000,0.00000000,0.00000000,0.00000000,0.00000000,0.00000000,0.00000000,0.000000,0.000000,1.000000,PASS,1.500000,2.000000,24.000000,1.500000,2.000000,24.000000,PASS,0,0.000000,0.000000,0.000000,0.000000,24,0,,0.000000,0,0.000000,0.04389622,0.00000000,adaptive_quantile,0,0,0.2.0,1.0,0.1.2,0.1.0q,0.1.0,0.1.0,0.1.0,0.1,,,,0,0,0,1,0,triple_sigma_pack_long_step16,,0,0,0,INIT,2.0
2025.04.04 05:35,US100,PERIOD_M5,Bid,18485.84000000,18497.97000000,18483.34000000,18485.72000000,140.00,16.49142857,16.159415,0.00089212,-1,0,0,0,0.00000000,0.00000000,0.00000000,0.00000000,0.00000000,0.00000000,0.00000000,0.00000000,0.00000000,0.00000000,0.00000000,0.00000000,0.00000000,0.00000000,0.00000000,0.00000000,0.00000000,0.00000000,0.00000000,0.00000000,0.00000000,0.00000000,0.000000,0.000000,1.000000,PASS,1.500000,2.000000,24.000000,1.500000,2.000000,24.000000,PASS,0,0.000000,0.000000,0.000000,0.000000,24,0,,0.000000,0,0.000000,0.04300462,0.00000000,adaptive_quantile,0,0,0.2.0,1.0,0.1.2,0.1.0q,0.1.0,0.1.0,0.1.0,0.1,,,,0,0,0,1,0,triple_sigma_pack_long_step16,,0,0,0,INIT,2.0
2025.04.04 05:40,US100,PERIOD_M5,Bid,18485.72000000,18490.34000000,18479.22000000,18482.72000000,140.00,15.58928571,14.670054,0.00084345,-1,0,0,0,0.00000000,0.00000000,0.00000000,0.00000000,0.00000000,0.00000000,0.00000000,0.00000000,0.00000000,0.00000000,0.00000000,0.00000000,0.00000000,0.00000000,0.00000000,0.00000000,0.00000000,0.00000000,0.00000000,0.00000000,0.00000000,0.00000000,0.000000,0.000000,1.000000,PASS,1.500000,2.000000,24.000000,1.500000,2.000000,24.000000,PASS,0,0.000000,0.000000,0.000000,0.000000,24,0,,0.000000,0,0.000000,0.21527284,0.00000000,adaptive_quantile,0,0,0.2.0,1.0,0.1.2,0.1.0q,0.1.0,0.1.0,0.1.0,0.1,,,,0,0,0,1,0,triple_sigma_pack_long_step16,,0,0,0,INIT,2.0
2025.04.04 05:45,US100,PERIOD_M5,Bid,18482.72000000,18487.09000000,18476.72000000,18477.22000000,140.00,15.48214286,13.196661,0.00083790,-1,0,0,0,0.00000000,0.00000000,0.00000000,0.00000000,0.00000000,0.00000000,0.00000000,0.00000000,0.00000000,0.00000000,0.00000000,0.00000000,0.00000000,0.00000000,0.00000000,0.00000000,0.00000000,0.00000000,0.00000000,0.00000000,0.00000000,0.00000000,0.000000,0.000000,1.000000,PASS,1.500000,2.000000,24.000000,1.500000,2.000000,24.000000,PASS,0,0.000000,0.000000,0.000000,0.000000,24,0,,0.000000,0,0.000000,0.51753339,0.00000000,adaptive_quantile,0,0,0.2.0,1.0,0.1.2,0.1.0q,0.1.0,0.1.0,0.1.0,0.1,,,,0,0,0,1,0,triple_sigma_pack_long_step16,,0,0,0,INIT,2.0
2025.04.04 05:50,US100,PERIOD_M5,Bid,18475.22000000,18476.34000000,18463.09000000,18464.59000000,140.00,15.61642857,15.448623,0.00084575,-1,0,0,0,0.00000000,0.00000000,0.00000000,0.00000000,0.00000000,0.00000000,0.00000000,0.00000000,0.00000000,0.00000000,0.00000000,0.00000000,0.00000000,0.00000000,0.00000000,0.00000000,0.00000000,0.00000000,0.00000000,0.00000000,0.00000000,0.00000000,0.000000,0.000000,1.000000,PASS,1.500000,2.000000,24.000000,1.500000,2.000000,24.000000,PASS,0,0.000000,0.000000,0.000000,0.000000,24,0,,0.000000,0,0.000000,1.19595662,0.00000000,adaptive_quantile,0,0,0.2.0,1.0,0.1.2,0.1.0q,0.1.0,0.1.0,0.1.0,0.1,,,,0,0,0,1,0,triple_sigma_pack_long_step16,,0,0,0,INIT,2.0
2025.04.04 05:55,US100,PERIOD_M5,Bid,18464.22000000,18465.97000000,18458.09000000,18458.22000000,140.00,14.63428571,19.008119,0.00079283,-1,0,0,0,0.00000000,0.00000000,0.00000000,0.00000000,0.00000000,0.00000000,0.00000000,0.00000000,0.00000000,0.00000000,0.00000000,0.00000000,0.00000000,0.00000000,0.00000000,0.00000000,0.00000000,0.00000000,0.00000000,0.00000000,0.00000000,0.00000000,0.000000,0.000000,1.000000,PASS,1.500000,2.000000,24.000000,1.500000,2.000000,24.000000,PASS,0,0.000000,0.000000,0.000000,0.000000,24,0,,0.000000,0,0.000000,1.54849945,0.00000000,adaptive_quantile,0,0,0.2.0,1.0,0.1.2,0.1.0q,0.1.0,0.1.0,0.1.0,0.1,,,,0,0,0,1,0,triple_sigma_pack_long_step16,,0,0,0,INIT,2.0
2025.04.04 06:00,US100,PERIOD_M5,Bid,18458.22000000,18460.22000000,18427.34000000,18427.34000000,140.00,15.58142857,23.842546,0.00084556,-1,0,0,0,0.00000000,0.00000000,0.00000000,0.00000000,0.00000000,0.00000000,0.00000000,0.00000000,0.00000000,0.00000000,0.00000000,0.00000000,0.00000000,0.00000000,0.00000000,0.00000000,0.00000000,0.00000000,0.00000000,0.00000000,0.00000000,0.00000000,0.000000,0.000000,1.000000,PASS,1.500000,2.000000,24.000000,1.500000,2.000000,24.000000,PASS,0,0.000000,0.000000,0.000000,0.000000,24,0,,0.000000,0,0.000000,3.10895903,0.00000000,adaptive_quantile,0,0,0.2.0,1.0,0.1.2,0.1.0q,0.1.0,0.1.0,0.1.0,0.1,,,,0,0,0,1,0,triple_sigma_pack_long_step16,,0,0,0,INIT,2.0
2025.04.04 06:05,US100,PERIOD_M5,Bid,18426.84000000,18436.22000000,18420.47000000,18429.84000000,140.00,15.42071429,28.681182,0.00083673,-1,0,0,0,0.00000000,0.00000000,0.00000000,0.00000000,0.00000000,0.00000000,0.00000000,0.00000000,0.00000000,0.00000000,0.00000000,0.00000000,0.00000000,0.00000000,0.00000000,0.00000000,0.00000000,0.00000000,0.00000000,0.00000000,0.00000000,0.00000000,0.000000,0.000000,1.000000,PASS,1.500000,2.000000,24.000000,1.500000,2.000000,24.000000,PASS,0,0.000000,0.000000,0.000000,0.000000,24,0,,0.000000,0,0.000000,2.69550369,0.00000000,adaptive_quantile,0,0,0.2.0,1.0,0.1.2,0.1.0q,0.1.0,0.1.0,0.1.0,0.1,,,,0,0,0,1,0,triple_sigma_pack_long_step16,,0,0,0,INIT,2.0
2025.04.04 06:10,US100,PERIOD_M5,Bid,18429.97000000,18435.34000000,18421.34000000,18433.84000000,140.00,15.72428571,32.874667,0.00085301,-1,0,0,0,0.00000000,0.00000000,0.00000000,0.00000000,0.00000000,0.00000000,0.00000000,0.00000000,0.00000000,0.00000000,0.00000000,0.00000000,0.00000000,0.00000000,0.00000000,0.00000000,0.00000000,0.00000000,0.00000000,0.00000000,0.00000000,0.00000000,0.000000,0.000000,1.000000,PASS,1.500000,2.000000,24.000000,1.500000,2.000000,24.000000,PASS,0,0.000000,0.000000,0.000000,0.000000,24,0,,0.000000,0,0.000000,2.16154948,0.00000000,adaptive_quantile,0,0,0.2.0,1.0,0.1.2,0.1.0q,0.1.0,0.1.0,0.1.0,0.1,,,,0,0,0,1,0,triple_sigma_pack_long_step16,,0,0,0,INIT,2.0
2025.04.04 06:15,US100,PERIOD_M5,Bid,18433.97000000,18438.09000000,18421.59000000,18433.84000000,140.00,15.07214286,35.389497,0.00081763,5,0,0,0,0.00000000,0.00035267,-0.00341883,1.09473479,-0.00862518,0.48484850,-2.04030657,-3.27361631,-0.21476911,-0.32418498,0.35389498,0.09288659,-0.63077253,-0.77596778,0.00000000,0.00000000,0.00000000,0.00000000,0.00000000,1.00000000,0.00000000,0.00000000,0.800000,0.100000,0.100000,LONG,6.000000,12.000000,72.000000,6.000000,12.000000,72.000000,LONG,0,0.000000,0.000000,0.000000,0.000000,72,1,,0.371667,6,0.011333,2.04030650,1.16830963,adaptive_quantile,0,0,0.2.0,1.0,0.1.2,0.1.0q,0.1.0,0.1.0,0.1.0,0.1,,,,0,0,0,1,0,triple_sigma_pack_long_step16,,0,0,0,INIT,2.0
2025.04.04 06:20,US100,PERIOD_M5,Bid,18433.97000000,18436.59000000,18428.09000000,18429.97000000,140.00,14.89357143,37.569017,0.00080812,5,0,0,0,-0.00020996,0.00000705,-0.00273635,0.57071602,-0.26857224,-0.55764705,-2.10322142,-3.43260360,-0.22139172,-0.34703070,0.37569016,0.09400029,-0.63318789,-0.77399808,0.00000000,0.00000000,0.00000000,0.00000000,0.00000000,1.00000000,0.00000000,0.00000000,0.800000,0.100000,0.100000,LONG,6.000000,12.000000,72.000000,6.000000,12.000000,72.000000,LONG,0,0.000000,0.000000,0.000000,0.000000,72,1,,0.371667,6,0.011333,2.10322136,1.17110765,adaptive_quantile,0,0,0.2.0,1.0,0.1.2,0.1.0q,0.1.0,0.1.0,0.1.0,0.1,,,,0,0,0,1,0,triple_sigma_pack_long_step16,,0,0,0,INIT,2.0
2025.04.04 06:25,US100,PERIOD_M5,Bid,18429.84000000,18431.97000000,18426.72000000,18429.47000000,140.00,14.43785714,40.092004,0.00078341,5,0,0,0,-0.00002713,-0.00023709,-0.00293230,0.36362737,-0.02562707,0.04761905,-1.99431086,-3.43536210,-0.20992745,-0.35008758,0.40092003,0.09696729,-0.63559711,-0.77202094,0.00000000,0.00000000,0.00000000,0.00000000,0.00000000,1.00000000,0.00000000,0.00000000,0.800000,0.100000,0.100000,LONG,6.000000,12.000000,72.000000,6.000000,12.000000,72.000000,LONG,0,0.000000,0.000000,0.000000,0.000000,72,1,,0.371667,6,0.011333,1.99431083,1.19595662,adaptive_quantile,0,0,0.2.0,1.0,0.1.2,0.1.0q,0.1.0,0.1.0,0.1.0,0.1,,,,0,0,0,1,0,triple_sigma_pack_long_step16,,0,0,0,INIT,2.0
2025.04.04 06:30,US100,PERIOD_M5,Bid,18429.59000000,18431.97000000,18362.84000000,18374.59000000,140.00,17.86714286,43.943704,0.00097238,5,0,0,0,-0.00298228,-0.00321937,-0.00602981,3.86911321,-3.07827616,-0.66006076,-4.23708820,-5.61824799,-0.44600931,-0.58160996,0.43943703,0.07835612,-0.63800013,-0.77003622,0.00000000,0.00000000,0.00000000,0.00000000,0.00000000,1.00000000,0.00000000,0.00000000,0.800000,0.100000,0.100000,LONG,6.000000,12.000000,72.000000,6.000000,12.000000,72.000000,LONG,0,0.000000,0.000000,0.000000,0.000000,72,1,,0.371667,6,0.011333,4.23708836,1.21979707,adaptive_quantile,0,0,0.2.0,1.0,0.1.2,0.1.0q,0.1.0,0.1.0,0.1.0,0.1,,,,0,0,0,1,0,triple_sigma_pack_long_step16,,0,0,0,INIT,2.0
2025.04.04 06:35,US100,PERIOD_M5,Bid,18374.59000000,18380.22000000,18365.72000000,18373.84000000,140.00,18.08142857,47.281844,0.00098409,5,0,0,0,-0.00004082,-0.00305023,-0.00607063,0.80192780,-0.04147903,0.12000000,-3.82565284,-5.37380552,-0.40270028,-0.58379209,0.47281843,0.07742751,-0.64039701,-0.76804405,0.00000000,0.00000000,0.00000000,0.00000000,0.00000000,1.00000000,0.00000000,0.00000000,0.800000,0.100000,0.100000,LONG,6.000000,12.000000,72.000000,6.000000,12.000000,72.000000,LONG,0,0.000000,0.000000,0.000000,0.000000,72,1,,0.371667,6,0.011333,3.82565273,1.21979707,adaptive_quantile,0,0,0.2.0,1.0,0.1.2,0.1.0q,0.1.0,0.1.0,0.1.0,0.1,,,,0,0,0,1,0,triple_sigma_pack_long_step16,,0,0,0,INIT,2.0
2025.04.04 06:40,US100,PERIOD_M5,Bid,18373.34000000,18378.59000000,18360.09000000,18370.34000000,140.00,18.08142857,50.637243,0.00098427,5,0,0,0,-0.00019051,-0.00321361,-0.00609883,1.02314925,-0.16591610,0.10810811,-3.63643861,-5.34904575,-0.38278300,-0.59442282,0.50637245,0.07742751,-0.64278764,-0.76604444,0.00000000,0.00000000,0.00000000,0.00000000,0.00000000,1.00000000,0.00000000,0.00000000,0.800000,0.100000,0.100000,LONG,6.000000,12.000000,72.000000,6.000000,12.000000,72.000000,LONG,0,0.000000,0.000000,0.000000,0.000000,72,1,,0.371667,6,0.011333,3.63643850,1.21979707,adaptive_quantile,0,0,0.2.0,1.0,0.1.2,0.1.0q,0.1.0,0.1.0,0.1.0,0.1,,,,0,0,0,1,0,triple_sigma_pack_long_step16,,0,0,0,INIT,2.0
2025.04.04 06:45,US100,PERIOD_M5,Bid,18369.59000000,18391.22000000,18363.47000000,18370.34000000,140.00,19.01857143,49.827126,0.00103529,5,0,0,0,0.00000000,-0.00023132,-0.00580121,1.45910013,0.03943514,-0.50486487,-3.12799025,-4.88604069,-0.32926214,-0.59442282,0.49827126,0.07361226,-0.64517200,-0.76403737,0.00000000,0.00000000,0.00000000,0.00000000,0.00000000,1.00000000,0.00000000,0.00000000,0.800000,0.100000,0.100000,LONG,6.000000,12.000000,72.000000,6.000000,12.000000,72.000000,LONG,0,0.000000,0.000000,0.000000,0.000000,72,1,,0.371667,6,0.011333,3.12799033,1.21979707,adaptive_quantile,0,0,0.2.0,1.0,0.1.2,0.1.0q,0.1.0,0.1.0,0.1.0,0.1,,,,0,0,0,1,0,triple_sigma_pack_long_step16,,0,0,0,INIT,2.0
2025.04.04 06:50,US100,PERIOD_M5,Bid,18370.97000000,18376.47000000,18345.72000000,18375.72000000,140.00,20.42071429,50.539507,0.00111129,5,0,0,0,0.00029282,0.00010231,-0.00482462,1.50582397,0.23260695,0.95121950,-2.39739823,-4.11897230,-0.25235769,-0.52498400,0.50539505,0.06855784,-0.64755011,-0.76202291,0.00000000,0.00000000,0.00000000,0.00000000,0.00000000,1.00000000,0.00000000,0.00000000,0.800000,0.100000,0.100000,LONG,6.000000,12.000000,72.000000,6.000000,12.000000,72.000000,LONG,0,0.000000,0.000000,0.000000,0.000000,72,1,,0.371667,6,0.011333,2.39739817,1.21979707,adaptive_quantile,0,0,0.2.0,1.0,0.1.2,0.1.0q,0.1.0,0.1.0,0.1.0,0.1,,,,0,0,0,1,0,triple_sigma_pack_long_step16,,0,0,0,INIT,2.0
2025.04.04 06:55,US100,PERIOD_M5,Bid,18375.72000000,18389.72000000,18369.34000000,18384.72000000,140.00,21.13571429,47.036444,0.00114963,5,0,0,0,0.00048966,0.00078248,-0.00398991,0.96424466,0.42581955,0.50932288,-1.71043158,-3.41444683,-0.18004544,-0.41403958,0.47036445,0.06623860,-0.64992189,-0.76000100,0.00000000,0.00000000,0.00000000,0.00000000,0.00000000,1.00000000,0.00000000,0.00000000,0.800000,0.100000,0.100000,LONG,6.000000,12.000000,72.000000,6.000000,12.000000,72.000000,LONG,0,0.000000,0.000000,0.000000,0.000000,72,1,,0.371667,6,0.011333,1.71043163,1.54849945,adaptive_quantile,0,0,0.2.0,1.0,0.1.2,0.1.0q,0.1.0,0.1.0,0.1.0,0.1,,,,0,0,0,1,0,triple_sigma_pack_long_step16,,0,0,0,INIT,2.0
2025.04.04 07:00,US100,PERIOD_M5,Bid,18384.72000000,18391.59000000,18376.72000000,18380.47000000,140.00,21.18857143,43.295322,0.00115278,5,0,0,0,-0.00023120,0.00055128,-0.00254674,0.70179343,-0.20057982,-0.49562877,-1.72514987,-3.46507716,-0.18159473,-0.43494514,0.43295321,0.06607336,-0.65228742,-0.75797170,0.00000000,0.00000000,0.00000000,0.00000000,0.00000000,1.00000000,0.00000000,0.00000000,0.800000,0.100000,0.100000,LONG,6.000000,12.000000,72.000000,6.000000,12.000000,72.000000,LONG,0,0.000000,0.000000,0.000000,0.000000,72,1,,0.371667,6,0.011333,1.72514988,1.70530443,adaptive_quantile,0,0,0.2.0,1.0,0.1.2,0.1.0q,0.1.0,0.1.0,0.1.0,0.1,,,,0,0,0,1,0,triple_sigma_pack_long_step16,,0,0,0,INIT,2.0
2025.04.04 07:05,US100,PERIOD_M5,Bid,18380.47000000,18388.09000000,18369.97000000,18387.47000000,140.00,21.92000000,41.424856,0.00119212,5,0,1,1,0.00038077,0.00063923,-0.00230164,0.82664233,0.31934306,0.93156731,-1.21983790,-2.91128325,-0.12840399,-0.34954199,0.41424856,0.06386861,-0.65464658,-0.75593507,0.00000000,0.00000000,0.00000000,0.00000000,0.00000000,1.00000000,0.00000000,1.00000000,0.800000,0.100000,0.100000,LONG,6.000000,12.000000,72.000000,6.000000,12.000000,72.000000,LONG,1,6.000000,12.000000,6.000000,12.000000,72,1,,0.371667,6,0.011333,1.21983787,1.71043163,adaptive_quantile,1,0,0.2.0,1.0,0.1.2,0.1.0q,0.1.0,0.1.0,0.1.0,0.1,,,,0,0,0,1,0,triple_sigma_pack_long_step16,triple_sigma_pack_long_step16,0,0,0,INIT,2.0
2025.04.04 07:10,US100,PERIOD_M5,Bid,18387.47000000,18396.34000000,18381.22000000,18385.97000000,140.00,20.65142857,36.758329,0.00112322,5,0,1,1,-0.00008158,0.00006799,-0.00260023,0.73215276,-0.07263420,-0.37169313,-1.23717499,-3.03872156,-0.13022895,-0.35835475,0.36758327,0.06779192,-0.65699941,-0.75389111,0.00000000,0.00000000,0.00000000,0.00000000,0.00000000,1.00000000,0.00000000,1.00000000,0.800000,0.100000,0.100000,LONG,6.000000,12.000000,72.000000,6.000000,12.000000,72.000000,LONG,1,6.000000,12.000000,6.000000,12.000000,72,1,,0.371667,6,0.011333,1.23717505,1.71043163,adaptive_quantile,1,1,0.2.0,1.0,0.1.2,0.1.0q,0.1.0,0.1.0,0.1.0,0.1,,,,0,0,1,1,0,triple_sigma_pack_long_step16,triple_sigma_pack_long_step16,0,0,0,INIT,2.0
2025.04.04 07:15,US100,PERIOD_M5,Bid,18385.97000000,18386.59000000,18372.34000000,18376.22000000,140.00,20.54428571,35.070442,0.00111798,5,0,1,1,-0.00053044,-0.00023125,-0.00313067,0.69362354,-0.47458452,-0.45543858,-1.55457246,-3.39075565,-0.16363920,-0.41393682,0.35070440,0.06814547,-0.65934581,-0.75183982,0.00000000,0.00000000,0.00000000,0.00000000,0.00000000,1.00000000,0.00000000,1.00000000,0.800000,0.100000,0.100000,LONG,6.000000,12.000000,72.000000,6.000000,12.000000,72.000000,LONG,1,6.000000,12.000000,6.000000,12.000000,72,1,,0.371667,6,0.011333,1.55457249,1.71043163,adaptive_quantile,1,2,0.2.0,1.0,0.1.2,0.1.0q,0.1.0,0.1.0,0.1.0,0.1,,,,0,0,1,1,0,triple_sigma_pack_long_step16,triple_sigma_pack_long_step16,0,0,0,INIT,2.0
2025.04.04 07:20,US100,PERIOD_M5,Bid,18376.22000000,18378.72000000,18358.59000000,18363.47000000,140.00,20.98214286,35.558923,0.00114260,5,0,0,0,-0.00069407,-0.00130609,-0.00361478,0.95938724,-0.60765958,-0.51515150,-1.92695391,-3.77363086,-0.20283724,-0.47765812,0.35558924,0.06672341,-0.66168582,-0.74978119,0.00000000,0.00000000,0.00000000,0.00000000,0.00000000,1.00000000,0.00000000,0.00000000,0.800000,0.100000,0.100000,LONG,6.000000,12.000000,72.000000,6.000000,12.000000,72.000000,LONG,0,6.000000,12.000000,6.000000,12.000000,72,1,,0.371667,6,0.011333,1.92695387,1.71043163,adaptive_quantile,1,3,0.2.0,1.0,0.1.2,0.1.0q,0.1.0,0.1.0,0.1.0,0.1,,,,0,0,1,1,0,triple_sigma_pack_long_step16,triple_sigma_pack_long_step16,0,0,0,INIT,2.0
2025.04.04 07:25,US100,PERIOD_M5,Bid,18363.47000000,18380.84000000,18361.22000000,18377.97000000,140.00,21.20500000,35.353393,0.00115383,5,0,1,1,0.00078930,-0.00043521,-0.00279835,0.92525345,0.68380100,0.70744139,-1.10643446,-2.93055582,-0.11646679,-0.30401224,0.35353392,0.06602217,-0.66401941,-0.74771529,0.00000000,0.00000000,0.00000000,0.00000000,0.00000000,1.00000000,0.00000000,1.00000000,0.800000,0.100000,0.100000,LONG,6.000000,12.000000,72.000000,6.000000,12.000000,72.000000,LONG,1,6.000000,12.000000,6.000000,12.000000,72,1,,0.371667,6,0.011333,1.10643448,1.72514988,adaptive_quantile,1,4,0.2.0,1.0,0.1.2,0.1.0q,0.1.0,0.1.0,0.1.0,0.1,,,,0,0,1,1,0,triple_sigma_pack_long_step16,triple_sigma_pack_long_step16,0,0,0,INIT,2.0
2025.04.04 07:30,US100,PERIOD_M5,Bid,18377.84000000,18381.97000000,18362.72000000,18364.47000000,140.00,21.97285714,34.802405,0.00119649,5,0,1,1,-0.00073485,-0.00063962,-0.00055091,0.87608087,-0.60847801,-0.81818181,-1.52195764,-3.30753827,-0.16020606,-0.37737378,0.34802404,0.06371497,-0.66634655,-0.74564219,0.00000000,0.00000000,0.00000000,0.00000000,0.00000000,1.00000000,0.00000000,1.00000000,0.800000,0.100000,0.100000,LONG,6.000000,12.000000,72.000000,6.000000,12.000000,72.000000,LONG,1,6.000000,12.000000,6.000000,12.000000,72,1,,0.371667,6,0.011333,1.52195765,1.72514988,adaptive_quantile,1,5,0.2.0,1.0,0.1.2,0.1.0q,0.1.0,0.1.0,0.1.0,0.1,,,,0,0,1,1,0,triple_sigma_pack_long_step16,triple_sigma_pack_long_step16,0,0,0,INIT,2.0
2025.04.04 07:35,US100,PERIOD_M5,Bid,18364.34000000,18368.09000000,18336.22000000,18339.59000000,140.00,23.87428571,36.657067,0.00130179,5,0,0,0,-0.00135571,-0.00130125,-0.00186580,1.33490908,-1.03668022,-0.78851587,-2.21021509,-3.92599535,-0.23265421,-0.48509374,0.36657068,0.05864050,-0.66866726,-0.74356174,0.00000000,0.00000000,0.00000000,0.00000000,0.00000000,1.00000000,0.00000000,0.00000000,0.800000,0.100000,0.100000,LONG,6.000000,12.000000,72.000000,6.000000,12.000000,72.000000,LONG,0,6.000000,12.000000,6.000000,12.000000,72,1,,0.371667,6,0.011333,2.21021502,1.72514988,adaptive_quantile,1,6,0.2.0,1.0,0.1.2,0.1.0q,0.1.0,0.1.0,0.1.0,0.1,,,,0,0,1,1,0,triple_sigma_pack_long_step16,triple_sigma_pack_long_step16,0,0,0,INIT,2.0
2025.04.04 07:40,US100,PERIOD_M5,Bid,18339.59000000,18340.22000000,18319.47000000,18326.72000000,140.00,20.41857143,39.780585,0.00111414,5,0,0,0,-0.00070201,-0.00279256,-0.00237730,1.01623178,-0.63030857,-0.30120483,-2.90843725,-5.01601839,-0.30615127,-0.53035736,0.39780584,0.06856503,-0.67098141,-0.74147415,0.00000000,0.00000000,0.00000000,0.00000000,0.00000000,1.00000000,0.00000000,0.00000000,0.800000,0.100000,0.100000,LONG,6.000000,12.000000,72.000000,6.000000,12.000000,72.000000,LONG,0,6.000000,12.000000,6.000000,12.000000,72,1,,0.371667,6,0.011333,2.90843721,1.92695387,adaptive_quantile,1,7,0.2.0,1.0,0.1.2,0.1.0q,0.1.0,0.1.0,0.1.0,0.1,,,,0,0,1,1,0,triple_sigma_pack_long_step16,triple_sigma_pack_long_step16,0,0,0,INIT,2.0
2025.04.04 07:45,US100,PERIOD_M5,Bid,18326.97000000,18334.59000000,18320.34000000,18326.84000000,140.00,20.40071429,42.487635,0.00111316,5,0,0,0,0.00000655,-0.00205117,-0.00237076,0.69850492,-0.00637233,-0.08771930,-2.62842464,-4.81787872,-0.27667627,-0.52900773,0.42487633,0.06862505,-0.67328906,-0.73937935,0.00000000,0.00000000,0.00000000,0.00000000,0.00000000,1.00000000,0.00000000,0.00000000,0.800000,0.100000,0.100000,LONG,6.000000,12.000000,72.000000,6.000000,12.000000,72.000000,LONG,0,6.000000,12.000000,6.000000,12.000000,72,1,,0.371667,6,0.011333,2.62842460,1.99431083,adaptive_quantile,1,8,0.2.0,1.0,0.1.2,0.1.0q,0.1.0,0.1.0,0.1.0,0.1,,,,0,0,1,1,0,triple_sigma_pack_long_step16,triple_sigma_pack_long_step16,0,0,0,INIT,2.0
2025.04.04 07:50,US100,PERIOD_M5,Bid,18326.84000000,18327.34000000,18303.72000000,18304.59000000,140.00,20.76642857,45.922906,0.00113449,5,0,0,0,-0.00121480,-0.00191026,-0.00387838,1.13741267,-1.07144082,-0.92633361,-3.30561709,-5.57684660,-0.34795970,-0.59953034,0.45922905,0.06741650,-0.67559022,-0.73727733,0.00000000,0.00000000,0.00000000,0.00000000,0.00000000,1.00000000,0.00000000,0.00000000,0.800000,0.100000,0.100000,LONG,6.000000,12.000000,72.000000,6.000000,12.000000,72.000000,LONG,0,6.000000,12.000000,6.000000,12.000000,72,1,,0.371667,6,0.011333,3.30561701,2.04030650,adaptive_quantile,1,9,0.2.0,1.0,0.1.2,0.1.0q,0.1.0,0.1.0,0.1.0,0.1,,,,0,0,1,1,0,triple_sigma_pack_long_step16,triple_sigma_pack_long_step16,0,0,0,INIT,2.0
2025.04.04 07:55,US100,PERIOD_M5,Bid,18304.59000000,18311.34000000,18298.84000000,18307.22000000,140.00,19.67714286,49.390476,0.00107483,5,0,0,0,0.00014367,-0.00106459,-0.00422437,0.63525480,0.13365762,0.34079999,-3.03543234,-5.52634621,-0.31951919,-0.56961334,0.49390477,0.07114854,-0.67788476,-0.73516816,0.00000000,0.00000000,0.00000000,0.00000000,0.00000000,1.00000000,0.00000000,0.00000000,0.800000,0.100000,0.100000,LONG,6.000000,12.000000,72.000000,6.000000,12.000000,72.000000,LONG,0,6.000000,12.000000,6.000000,12.000000,72,1,,0.371667,6,0.011333,3.03543229,2.10322136,adaptive_quantile,1,10,0.2.0,1.0,0.1.2,0.1.0q,0.1.0,0.1.0,0.1.0,0.1,,,,0,0,1,1,0,triple_sigma_pack_long_step16,triple_sigma_pack_long_step16,0,0,0,INIT,2.0
2025.04.04 08:00,US100,PERIOD_M5,Bid,18307.22000000,18321.59000000,18285.59000000,18288.22000000,140.00,20.05214286,52.814533,0.00109645,5,0,0,0,-0.00103838,-0.00210952,-0.00503155,1.79531932,-0.94752967,-0.85388887,-3.55227208,-6.12070179,-0.37392339,-0.62428546,0.52814531,0.06981798,-0.68017274,-0.73305190,0.00000000,0.00000000,0.00000000,0.00000000,0.00000000,1.00000000,0.00000000,0.00000000,0.800000,0.100000,0.100000,LONG,6.000000,12.000000,72.000000,6.000000,12.000000,72.000000,LONG,0,6.000000,12.000000,6.000000,12.000000,72,1,,0.371667,6,0.011333,3.55227219,2.13926426,adaptive_quantile,1,11,0.2.0,1.0,0.1.2,0.1.0q,0.1.0,0.1.0,0.1.0,0.1,,,,0,0,1,1,0,triple_sigma_pack_long_step16,triple_sigma_pack_long_step16,0,0,0,INIT,2.0
2025.04.04 08:05,US100,PERIOD_M5,Bid,18287.97000000,18337.47000000,18287.97000000,18337.34000000,140.00,22.13214286,53.420670,0.00120694,5,0,1,1,0.00268228,0.00178757,-0.00273004,2.23656607,2.23069239,0.99474746,-0.90388405,-3.19564152,-0.09514569,-0.19991376,0.53420669,0.06325641,-0.68245411,-0.73092842,0.00000000,0.00000000,0.00000000,0.00000000,0.00000000,1.00000000,0.00000000,1.00000000,0.800000,0.100000,0.100000,LONG,6.000000,12.000000,72.000000,6.000000,12.000000,72.000000,LONG,1,6.000000,12.000000,6.000000,12.000000,72,1,,0.371667,6,0.011333,0.90388407,2.16154948,adaptive_quantile,1,12,0.2.0,1.0,0.1.2,0.1.0q,0.1.0,0.1.0,0.1.0,0.1,,,,0,0,1,1,0,triple_sigma_pack_long_step16,triple_sigma_pack_long_step16,0,0,0,INIT,2.0
2025.04.04 08:10,US100,PERIOD_M5,Bid,18337.34000000,18341.97000000,18324.59000000,18327.84000000,140.00,22.31142857,52.139590,0.00121735,5,0,1,1,-0.00051820,0.00112570,-0.00316666,0.77897298,-0.42579076,-0.62600690,-1.19646764,-3.45474339,-0.12594396,-0.24120505,0.52139592,0.06274811,-0.68472886,-0.72879791,0.00000000,0.00000000,0.00000000,0.00000000,0.00000000,1.00000000,0.00000000,1.00000000,0.800000,0.100000,0.100000,LONG,6.000000,12.000000,72.000000,6.000000,12.000000,72.000000,LONG,1,6.000000,12.000000,6.000000,12.000000,72,1,,0.371667,6,0.011333,1.19646762,2.16154948,adaptive_quantile,1,13,0.2.0,1.0,0.1.2,0.1.0q,0.1.0,0.1.0,0.1.0,0.1,,,,0,0,1,1,0,triple_sigma_pack_long_step16,triple_sigma_pack_long_step16,0,0,0,INIT,2.0
2025.04.04 08:15,US100,PERIOD_M5,Bid,18327.84000000,18344.22000000,18326.22000000,18341.97000000,140.00,22.30285714,50.151783,0.00121595,5,0,1,1,0.00077066,0.00293474,-0.00186556,0.80707151,0.63355112,0.75000000,-0.50972146,-2.71183300,-0.05365489,-0.14643435,0.50151783,0.06277223,-0.68699694,-0.72666031,0.00000000,0.00000000,0.00000000,0.00000000,0.00000000,1.00000000,0.00000000,1.00000000,0.800000,0.100000,0.100000,LONG,6.000000,12.000000,72.000000,6.000000,12.000000,72.000000,LONG,1,6.000000,12.000000,6.000000,12.000000,72,1,,0.371667,6,0.011333,0.50972144,2.16154948,adaptive_quantile,1,14,0.2.0,1.0,0.1.2,0.1.0q,0.1.0,0.1.0,0.1.0,0.1,,,,0,0,1,1,0,triple_sigma_pack_long_step16,triple_sigma_pack_long_step16,0,0,0,INIT,2.0
2025.04.04 08:20,US100,PERIOD_M5,Bid,18341.97000000,18369.84000000,18341.72000000,18367.97000000,140.00,23.23142857,43.585949,0.00126478,5,0,0,0,0.00141651,0.00166897,0.00024502,1.21042919,1.11917353,0.86699855,0.56984246,-1.42605972,0.05998342,0.00422846,0.43585950,0.06026319,-0.68925834,-0.72451568,0.00000000,0.00000000,0.00000000,0.00000000,0.00000000,1.00000000,0.00000000,0.00000000,0.800000,0.100000,0.100000,LONG,6.000000,12.000000,72.000000,6.000000,12.000000,72.000000,LONG,0,6.000000,12.000000,6.000000,12.000000,72,1,,0.371667,6,0.011333,0.56984249,2.16154948,adaptive_quantile,1,15,0.2.0,1.0,0.1.2,0.1.0q,0.1.0,0.1.0,0.1.0,0.1,,,,0,0,1,1,0,triple_sigma_pack_long_step16,triple_sigma_pack_long_step16,0,0,0,INIT,2.0
2025.04.04 08:25,US100,PERIOD_M5,Bid,18367.97000000,18409.22000000,18367.72000000,18408.97000000,140.00,25.17785714,41.203481,0.00136770,5,0,0,0,0.00222966,0.00441683,0.00168538,1.64827371,1.62841499,0.98795182,1.94904220,0.30034110,0.20516235,0.18591468,0.41203481,0.05560441,-0.69151306,-0.72236395,0.00000000,0.00000000,0.00000000,0.00000000,0.00000000,1.00000000,0.00000000,0.00000000,0.800000,0.100000,0.100000,LONG,6.000000,12.000000,72.000000,6.000000,12.000000,72.000000,LONG,0,6.000000,12.000000,6.000000,12.000000,72,1,,0.371667,6,0.011333,1.94904223,2.16154948,adaptive_quantile,1,16,0.2.0,1.0,0.1.2,0.1.0q,0.1.0,0.1.0,0.1.0,0.1,,,,0,0,1,1,0,triple_sigma_pack_long_step16,triple_sigma_pack_long_step16,0,0,0,INIT,2.0
2025.04.04 08:30,US100,PERIOD_M5,Bid,18408.72000000,18421.72000000,18393.84000000,18413.72000000,140.00,25.73142857,40.328200,0.00139741,5,0,0,0,0.00025799,0.00390416,0.00267822,1.08349991,0.19431490,0.42611191,1.89250028,0.45971501,0.19921055,0.20403439,0.40328199,0.05440817,-0.69376105,-0.72020525,0.00000000,0.00000000,0.00000000,0.00000000,0.00000000,1.00000000,0.00000000,0.00000000,0.800000,0.100000,0.100000,LONG,6.000000,12.000000,72.000000,6.000000,12.000000,72.000000,LONG,0,6.000000,12.000000,6.000000,12.000000,72,1,,0.371667,6,0.011333,1.89250024,2.16154948,adaptive_quantile,1,17,0.2.0,1.0,0.1.2,0.1.0q,0.1.0,0.1.0,0.1.0,0.1,,,,0,0,1,1,0,triple_sigma_pack_long_step16,triple_sigma_pack_long_step16,0,0,0,INIT,2.0
2025.04.04 08:35,US100,PERIOD_M5,Bid,18413.72000000,18436.59000000,18399.97000000,18430.72000000,140.00,26.94571429,40.541432,0.00146200,5,0,0,0,0.00092280,0.00341045,0.00495673,1.35902870,0.63089812,0.67941016,2.20591307,1.02793968,0.23220137,0.26692283,0.40541431,0.05195631,-0.69600230,-0.71803951,0.00000000,0.00000000,0.00000000,0.00000000,0.00000000,1.00000000,0.00000000,0.00000000,0.800000,0.100000,0.100000,LONG,6.000000,12.000000,72.000000,6.000000,12.000000,72.000000,LONG,0,6.000000,12.000000,6.000000,12.000000,72,1,,0.371667,6,0.011333,2.20591306,2.16154948,adaptive_quantile,1,18,0.2.0,1.0,0.1.2,0.1.0q,0.1.0,0.1.0,0.1.0,0.1,,TP_RESHAPE,,0,0,1,1,0,triple_sigma_pack_long_step16,triple_sigma_pack_long_step16,0,0,0,INIT,2.0
2025.04.04 08:40,US100,PERIOD_M5,Bid,18430.72000000,18450.09000000,18427.34000000,18447.34000000,140.00,27.19571429,41.951730,0.00147424,5,0,0,0,0.00090135,0.00208214,0.00656008,0.83652884,0.61112571,0.75824177,2.53040242,1.56570947,0.26635817,0.32322049,0.41951731,0.05147870,-0.69823682,-0.71586686,0.00000000,0.00000000,0.00000000,0.00000000,0.00000000,1.00000000,0.00000000,0.00000000,0.800000,0.100000,0.100000,LONG,6.000000,12.000000,72.000000,6.000000,12.000000,72.000000,LONG,0,6.000000,12.000000,6.000000,12.000000,72,1,,0.371667,6,0.011333,2.53040247,2.20591306,adaptive_quantile,1,19,0.2.0,1.0,0.1.2,0.1.0q,0.1.0,0.1.0,0.1.0,0.1,,,TP_RESHAPE,1,0,1,1,0,triple_sigma_pack_long_step16,triple_sigma_pack_long_step16,0,0,0,INIT,2.0
2025.04.04 08:45,US100,PERIOD_M5,Bid,18447.84000000,18464.47000000,18444.72000000,18450.47000000,140.00,26.33000000,44.367054,0.00142706,5,0,0,0,0.00016966,0.00199381,0.00672319,0.75009495,0.09988606,-0.41772151,2.47224045,1.66798389,0.26023585,0.33359995,0.44367054,0.05317129,-0.70046455,-0.71368718,0.00000000,0.00000000,0.00000000,0.00000000,0.00000000,1.00000000,0.00000000,0.00000000,0.800000,0.100000,0.100000,LONG,6.000000,12.000000,72.000000,6.000000,12.000000,72.000000,LONG,0,6.000000,12.000000,6.000000,12.000000,72,1,,0.371667,6,0.011333,2.47224052,2.21021502,adaptive_quantile,1,20,0.2.0,1.0,0.1.2,0.1.0q,0.1.0,0.1.0,0.1.0,0.1,,,TP_RESHAPE,1,0,1,1,0,triple_sigma_pack_long_step16,triple_sigma_pack_long_step16,0,0,0,INIT,2.0
2025.04.04 08:50,US100,PERIOD_M5,Bid,18449.84000000,18452.47000000,18438.72000000,18443.22000000,140.00,25.83000000,44.062263,0.00140051,5,0,0,0,-0.00039302,0.00067799,0.00754498,0.53232676,-0.25629112,-0.34545454,2.02613759,1.36391997,0.21327764,0.28446099,0.44062263,0.05420054,-0.70268548,-0.71150064,0.00000000,0.00000000,0.00000000,0.00000000,0.00000000,1.00000000,0.00000000,0.00000000,0.800000,0.100000,0.100000,LONG,6.000000,12.000000,72.000000,6.000000,12.000000,72.000000,LONG,0,6.000000,12.000000,6.000000,12.000000,72,1,,0.371667,6,0.011333,2.02613750,2.39739817,adaptive_quantile,1,21,0.2.0,1.0,0.1.2,0.1.0q,0.1.0,0.1.0,0.1.0,0.1,,,TP_RESHAPE,1,0,1,1,0,triple_sigma_pack_long_step16,triple_sigma_pack_long_step16,0,0,0,INIT,2.0
2025.04.04 08:55,US100,PERIOD_M5,Bid,18443.22000000,18466.47000000,18442.22000000,18464.84000000,140.00,26.54428571,44.928801,0.00143756,5,0,0,0,0.00117156,0.00094820,0.00857287,0.91356760,0.81448793,0.86556703,2.52076054,2.05771732,0.26534322,0.36017308,0.44928801,0.05274205,-0.70489955,-0.70930713,0.00000000,0.00000000,0.00000000,0.00000000,0.00000000,1.00000000,0.00000000,0.00000000,0.800000,0.100000,0.100000,LONG,6.000000,12.000000,72.000000,6.000000,12.000000,72.000000,LONG,0,6.000000,12.000000,6.000000,12.000000,72,1,,0.371667,6,0.011333,2.52076046,2.39739817,adaptive_quantile,1,22,0.2.0,1.0,0.1.2,0.1.0q,0.1.0,0.1.0,0.1.0,0.1,,,TP_RESHAPE,1,0,1,1,0,triple_sigma_pack_long_step16,triple_sigma_pack_long_step16,0,0,0,INIT,2.0
2025.04.04 09:00,US100,PERIOD_M5,Bid,18464.47000000,18498.09000000,18462.59000000,18483.97000000,140.00,27.39285714,47.042698,0.00148198,5,0,0,0,0.00103549,0.00181403,0.01064673,1.29595828,0.71186441,0.20450704,2.84188437,2.58674932,0.29914570,0.41877601,0.47042698,0.05110822,-0.70710677,-0.70710677,0.00000000,0.00000000,0.00000000,0.00000000,0.00000000,1.00000000,0.00000000,0.00000000,0.800000,0.100000,0.100000,LONG,6.000000,12.000000,72.000000,6.000000,12.000000,72.000000,LONG,0,0.000000,0.000000,0.000000,0.000000,72,1,,0.371667,6,0.011333,2.84188428,2.47224052,adaptive_quantile,0,0,0.2.0,1.0,0.1.2,0.1.0q,0.1.0,0.1.0,0.1.0,0.1,,,,0,0,0,1,0,triple_sigma_pack_long_step16,,0,0,0,INIT,2.0
2025.04.04 09:05,US100,PERIOD_M5,Bid,18483.84000000,18485.22000000,18463.34000000,18476.72000000,140.00,28.06285714,48.874742,0.00151882,5,0,0,0,-0.00039231,0.00181474,0.00757214,0.77967829,-0.25371614,0.22303474,2.27609658,2.17775440,0.23958912,0.36765027,0.48874742,0.04988801,-0.70930713,-0.70489955,0.00000000,0.00000000,0.00000000,0.00000000,0.00000000,1.00000000,0.00000000,0.00000000,0.800000,0.100000,0.100000,LONG,6.000000,12.000000,72.000000,6.000000,12.000000,72.000000,LONG,0,0.000000,0.000000,0.000000,0.000000,72,1,,0.371667,6,0.011333,2.27609664,2.52076046,adaptive_quantile,0,0,0.2.0,1.0,0.1.2,0.1.0q,0.1.0,0.1.0,0.1.0,0.1,,,,0,0,0,1,0,triple_sigma_pack_long_step16,,0,0,0,INIT,2.0
2025.04.04 09:10,US100,PERIOD_M5,Bid,18476.72000000,18485.97000000,18467.34000000,18467.34000000,140.00,26.82214286,50.526769,0.00145241,5,1,0,1,-0.00050779,0.00013538,0.00758255,0.69457537,-0.34971106,-1.00000000,1.83817863,1.85314143,0.19349249,0.30226573,0.50526768,0.05219568,-0.71150064,-0.70268548,0.00000000,0.00000000,0.00000000,0.00000000,0.00000000,1.00000000,1.00000000,0.00000000,0.800000,0.100000,0.100000,LONG,6.000000,12.000000,72.000000,6.000000,12.000000,72.000000,LONG,0,6.000000,12.000000,6.000000,12.000000,72,1,,0.371667,6,0.011333,1.83817869,2.52076046,adaptive_quantile,1,0,0.2.0,1.0,0.1.2,0.1.0q,0.1.0,0.1.0,0.1.0,0.1,,,,0,0,0,1,0,triple_sigma_pack_long_step16,triple_sigma_pack_long_step16,0,0,0,INIT,2.0
2025.04.04 09:15,US100,PERIOD_M5,Bid,18467.34000000,18469.22000000,18443.84000000,18458.84000000,140.00,25.09928571,46.670780,0.00135974,5,1,0,1,-0.00046038,-0.00136048,0.00635151,1.01118410,-0.33865505,0.18203309,1.47087085,1.57730913,0.15482850,0.24421650,0.46670780,0.05577848,-0.71368718,-0.70046455,0.00000000,0.00000000,0.00000000,0.00000000,0.00000000,1.00000000,1.00000000,0.00000000,0.800000,0.100000,0.100000,LONG,6.000000,12.000000,72.000000,6.000000,12.000000,72.000000,LONG,0,6.000000,12.000000,6.000000,12.000000,72,1,,0.371667,6,0.011333,1.47087080,2.52076046,adaptive_quantile,1,1,0.2.0,1.0,0.1.2,0.1.0q,0.1.0,0.1.0,0.1.0,0.1,,,,0,0,1,1,0,triple_sigma_pack_long_step16,triple_sigma_pack_long_step16,0,0,0,INIT,2.0
2025.04.04 09:20,US100,PERIOD_M5,Bid,18457.09000000,18462.84000000,18448.59000000,18453.97000000,140.00,24.87571429,43.328923,0.00134799,5,1,0,1,-0.00026387,-0.00123204,0.00467114,0.57284784,-0.12542354,-0.24491228,1.16562021,1.34097815,0.12269686,0.21091190,0.43328923,0.05627979,-0.71586686,-0.69823682,0.00000000,0.00000000,0.00000000,0.00000000,0.00000000,1.00000000,1.00000000,0.00000000,0.800000,0.100000,0.100000,LONG,6.000000,12.000000,72.000000,6.000000,12.000000,72.000000,LONG,0,6.000000,12.000000,6.000000,12.000000,72,1,,0.371667,6,0.011333,1.16562018,2.52076046,adaptive_quantile,1,2,0.2.0,1.0,0.1.2,0.1.0q,0.1.0,0.1.0,0.1.0,0.1,,,,0,0,1,1,0,triple_sigma_pack_long_step16,triple_sigma_pack_long_step16,0,0,0,INIT,2.0
2025.04.04 09:25,US100,PERIOD_M5,Bid,18454.72000000,18488.34000000,18453.72000000,18479.47000000,140.00,26.06285714,42.592457,0.00141037,5,1,0,1,0.00138086,0.00065662,0.00382234,1.32832718,0.94962728,0.48757944,1.89179468,2.16974068,0.19913629,0.31439680,0.42592457,0.05371629,-0.71803951,-0.69600230,0.00000000,0.00000000,0.00000000,0.00000000,0.00000000,1.00000000,1.00000000,0.00000000,0.800000,0.100000,0.100000,LONG,6.000000,12.000000,72.000000,6.000000,12.000000,72.000000,LONG,0,6.000000,12.000000,6.000000,12.000000,72,1,,0.371667,6,0.011333,1.89179466,2.52076046,adaptive_quantile,1,3,0.2.0,1.0,0.1.2,0.1.0q,0.1.0,0.1.0,0.1.0,0.1,,,,0,0,1,1,0,triple_sigma_pack_long_step16,triple_sigma_pack_long_step16,0,0,0,INIT,2.0
2025.04.04 09:30,US100,PERIOD_M5,Bid,18479.22000000,18479.59000000,18450.72000000,18458.97000000,140.00,26.11642857,41.356264,0.00141484,5,1,0,1,-0.00110995,0.00000704,0.00245439,1.10543442,-0.77537400,-0.42847246,0.99792308,1.32621229,0.10504453,0.18037654,0.41356266,0.05360610,-0.72020525,-0.69376105,0.00000000,0.00000000,0.00000000,0.00000000,0.00000000,1.00000000,1.00000000,0.00000000,0.800000,0.100000,0.100000,LONG,6.000000,12.000000,72.000000,6.000000,12.000000,72.000000,LONG,0,6.000000,12.000000,6.000000,12.000000,72,1,,0.371667,6,0.011333,0.99792305,2.52076046,adaptive_quantile,1,4,0.2.0,1.0,0.1.2,0.1.0q,0.1.0,0.1.0,0.1.0,0.1,,,,0,0,1,1,0,triple_sigma_pack_long_step16,triple_sigma_pack_long_step16,0,0,0,INIT,2.0
2025.04.04 09:35,US100,PERIOD_M5,Bid,18458.97000000,18462.84000000,18441.34000000,18445.72000000,140.00,24.68785714,37.864200,0.00133841,5,1,0,1,-0.00071807,-0.00044716,0.00081353,0.87087345,-0.53670108,-0.59255815,0.46954167,0.83228230,0.04942544,0.10215382,0.37864199,0.05670804,-0.72236395,-0.69151306,0.00000000,0.00000000,0.00000000,0.00000000,0.00000000,1.00000000,1.00000000,0.00000000,0.800000,0.100000,0.100000,LONG,6.000000,12.000000,72.000000,6.000000,12.000000,72.000000,LONG,0,6.000000,12.000000,6.000000,12.000000,72,1,,0.371667,6,0.011333,0.46954168,2.52076046,adaptive_quantile,1,5,0.2.0,1.0,0.1.2,0.1.0q,0.1.0,0.1.0,0.1.0,0.1,,,,0,0,1,1,0,triple_sigma_pack_long_step16,triple_sigma_pack_long_step16,0,0,0,INIT,2.0
2025.04.04 09:40,US100,PERIOD_M5,Bid,18445.59000000,18454.47000000,18433.34000000,18445.47000000,140.00,24.20571429,32.995172,0.00131229,5,1,0,1,-0.00001355,-0.00184157,-0.00010137,0.87293440,-0.00495751,0.14813063,0.42394078,0.80564839,0.04462535,0.10067172,0.32995170,0.05783758,-0.72451568,-0.68925834,0.00000000,0.00000000,0.00000000,0.00000000,0.00000000,1.00000000,1.00000000,0.00000000,0.800000,0.100000,0.100000,LONG,6.000000,12.000000,72.000000,6.000000,12.000000,72.000000,LONG,0,6.000000,12.000000,6.000000,12.000000,72,1,,0.371667,6,0.011333,0.42394078,2.52076046,adaptive_quantile,1,6,0.2.0,1.0,0.1.2,0.1.0q,0.1.0,0.1.0,0.1.0,0.1,,,,0,0,1,1,0,triple_sigma_pack_long_step16,triple_sigma_pack_long_step16,0,0,0,INIT,2.0
2025.04.04 09:45,US100,PERIOD_M5,Bid,18445.47000000,18456.97000000,18437.34000000,18447.34000000,140.00,22.99214286,29.360704,0.00124637,3,1,0,1,0.00010137,-0.00063024,-0.00016966,0.85376990,0.08133213,0.01884870,0.47739705,0.89305311,0.05025232,0.11030917,0.29360706,0.06089037,-0.72666031,-0.68699694,0.00000000,0.00000000,0.00000000,1.00000000,0.00000000,0.00000000,1.00000000,0.00000000,0.800000,0.100000,0.100000,LONG,6.000000,12.000000,72.000000,6.000000,12.000000,72.000000,LONG,0,6.000000,12.000000,6.000000,12.000000,72,1,,0.371667,6,0.011333,0.47739704,2.52076046,adaptive_quantile,1,7,0.2.0,1.0,0.1.2,0.1.0q,0.1.0,0.1.0,0.1.0,0.1,,,,0,0,1,1,0,triple_sigma_pack_long_step16,triple_sigma_pack_long_step16,0,0,0,INIT,2.0
2025.04.04 09:50,US100,PERIOD_M5,Bid,18447.84000000,18449.22000000,18430.22000000,18440.84000000,140.00,22.72428571,26.531520,0.00123228,3,1,0,1,-0.00035242,-0.00026460,-0.00012905,0.83610988,-0.30804050,0.11789474,0.17822602,0.59332484,0.01876063,0.06748755,0.26531520,0.06160810,-0.72879791,-0.68472886,0.00000000,0.00000000,0.00000000,1.00000000,0.00000000,0.00000000,1.00000000,0.00000000,0.800000,0.100000,0.100000,LONG,6.000000,12.000000,72.000000,6.000000,12.000000,72.000000,LONG,0,6.000000,12.000000,6.000000,12.000000,72,1,,0.371667,6,0.011333,0.17822602,2.52076046,adaptive_quantile,1,8,0.2.0,1.0,0.1.2,0.1.0q,0.1.0,0.1.0,0.1.0,0.1,,,,0,0,1,1,0,triple_sigma_pack_long_step16,triple_sigma_pack_long_step16,0,0,0,INIT,2.0
2025.04.04 09:55,US100,PERIOD_M5,Bid,18440.97000000,18444.84000000,18427.84000000,18428.47000000,140.00,22.52785714,24.735433,0.00122245,3,0,0,0,-0.00067102,-0.00092206,-0.00197163,0.75462127,-0.55486858,-0.92588234,-0.33414477,0.04746304,-0.03517313,-0.01070845,0.24735433,0.06214528,-0.73092842,-0.68245411,0.00000000,0.00000000,0.00000000,1.00000000,0.00000000,0.00000000,0.00000000,0.00000000,0.800000,0.100000,0.100000,LONG,6.000000,12.000000,72.000000,6.000000,12.000000,72.000000,LONG,0,6.000000,12.000000,6.000000,12.000000,72,1,,0.371667,6,0.011333,0.33414477,2.52076046,adaptive_quantile,1,9,0.2.0,1.0,0.1.2,0.1.0q,0.1.0,0.1.0,0.1.0,0.1,,,,0,0,1,1,0,triple_sigma_pack_long_step16,triple_sigma_pack_long_step16,0,0,0,INIT,2.0
2025.04.04 10:00,US100,PERIOD_M5,Bid,18428.72000000,18454.72000000,18428.22000000,18445.22000000,140.00,23.43857143,21.825967,0.00127071,3,1,0,1,0.00090851,-0.00011493,-0.00209861,1.13061500,0.70396781,0.28301886,0.35599896,0.73043901,0.03747357,0.08683554,0.21825966,0.05973060,-0.73305190,-0.68017274,0.00000000,0.00000000,0.00000000,1.00000000,0.00000000,0.00000000,1.00000000,0.00000000,0.800000,0.100000,0.100000,LONG,6.000000,12.000000,72.000000,6.000000,12.000000,72.000000,LONG,0,6.000000,12.000000,6.000000,12.000000,72,1,,0.371667,6,0.011333,0.35599897,2.52076046,adaptive_quantile,1,10,0.2.0,1.0,0.1.2,0.1.0q,0.1.0,0.1.0,0.1.0,0.1,,,,0,0,1,1,0,triple_sigma_pack_long_step16,triple_sigma_pack_long_step16,0,0,0,INIT,2.0
2025.04.04 10:05,US100,PERIOD_M5,Bid,18445.22000000,18454.59000000,18423.59000000,18445.47000000,140.00,23.92071429,19.368508,0.00129683,1,0,0,0,0.00001355,0.00025104,-0.00169275,1.29594791,0.01045119,0.41161290,0.32505804,0.69769043,0.03421664,0.08824990,0.19368508,0.05852668,-0.73516816,-0.67788476,0.00000000,1.00000000,0.00000000,0.00000000,0.00000000,0.00000000,0.00000000,0.00000000,0.800000,0.100000,0.100000,LONG,6.000000,12.000000,72.000000,6.000000,12.000000,72.000000,LONG,0,6.000000,12.000000,6.000000,12.000000,72,1,,0.371667,6,0.011333,0.32505805,2.52076046,adaptive_quantile,1,11,0.2.0,1.0,0.1.2,0.1.0q,0.1.0,0.1.0,0.1.0,0.1,,,,0,0,1,1,0,triple_sigma_pack_long_step16,triple_sigma_pack_long_step16,0,0,0,INIT,2.0
2025.04.04 10:10,US100,PERIOD_M5,Bid,18445.47000000,18469.97000000,18434.34000000,18461.09000000,140.00,23.93000000,18.673474,0.00129624,1,0,0,0,0.00084646,0.00176852,-0.00033849,1.48892605,0.65273714,0.50154364,0.88455772,1.29720950,0.09311134,0.17430142,0.18673474,0.05850397,-0.73727733,-0.67559022,0.00000000,1.00000000,0.00000000,0.00000000,0.00000000,0.00000000,0.00000000,0.00000000,0.800000,0.100000,0.100000,LONG,6.000000,12.000000,72.000000,6.000000,12.000000,72.000000,LONG,0,6.000000,12.000000,6.000000,12.000000,72,1,,0.371667,6,0.011333,0.88455773,2.52076046,adaptive_quantile,1,12,0.2.0,1.0,0.1.2,0.1.0q,0.1.0,0.1.0,0.1.0,0.1,,,,0,0,1,1,0,triple_sigma_pack_long_step16,triple_sigma_pack_long_step16,0,0,0,INIT,2.0
2025.04.04 10:15,US100,PERIOD_M5,Bid,18460.22000000,18462.09000000,18433.84000000,18449.97000000,140.00,24.38500000,17.949851,0.00132168,1,0,0,0,-0.00060253,0.00025749,-0.00048064,1.15849912,-0.42034036,0.14194690,0.37279332,0.78494811,0.03924140,0.09506394,0.17949851,0.05741234,-0.73937935,-0.67328906,0.00000000,1.00000000,0.00000000,0.00000000,0.00000000,0.00000000,0.00000000,0.00000000,0.800000,0.100000,0.100000,LONG,6.000000,12.000000,72.000000,6.000000,12.000000,72.000000,LONG,0,6.000000,12.000000,6.000000,12.000000,72,1,,0.371667,6,0.011333,0.37279331,2.52076046,adaptive_quantile,1,13,0.2.0,1.0,0.1.2,0.1.0q,0.1.0,0.1.0,0.1.0,0.1,,,,0,0,1,1,0,triple_sigma_pack_long_step16,triple_sigma_pack_long_step16,0,0,0,INIT,2.0
2025.04.04 10:20,US100,PERIOD_M5,Bid,18449.97000000,18467.47000000,18441.84000000,18455.97000000,140.00,24.88500000,18.459811,0.00134834,1,0,0,0,0.00032515,0.00056908,0.00010837,1.02993774,0.24110910,0.10261413,0.54865855,0.97066665,0.05775353,0.12920660,0.18459810,0.05625879,-0.74147415,-0.67098141,0.00000000,1.00000000,0.00000000,0.00000000,0.00000000,0.00000000,0.00000000,0.00000000,0.800000,0.100000,0.100000,LONG,6.000000,12.000000,72.000000,6.000000,12.000000,72.000000,LONG,0,6.000000,12.000000,6.000000,12.000000,72,1,,0.371667,6,0.011333,0.54865856,2.52076046,adaptive_quantile,1,14,0.2.0,1.0,0.1.2,0.1.0q,0.1.0,0.1.0,0.1.0,0.1,,,,0,0,1,1,0,triple_sigma_pack_long_step16,triple_sigma_pack_long_step16,0,0,0,INIT,2.0
2025.04.04 10:25,US100,PERIOD_M5,Bid,18455.59000000,18472.09000000,18435.72000000,18452.59000000,140.00,25.67000000,17.548477,0.00139113,1,0,0,0,-0.00018316,-0.00046053,-0.00145565,1.41682899,-0.11686794,-0.07231235,0.36209399,0.77757430,0.03811515,0.10393839,0.17548478,0.05453837,-0.74356174,-0.66866726,0.00000000,1.00000000,0.00000000,0.00000000,0.00000000,0.00000000,0.00000000,0.00000000,0.800000,0.100000,0.100000,LONG,6.000000,12.000000,72.000000,6.000000,12.000000,72.000000,LONG,0,6.000000,12.000000,6.000000,12.000000,72,1,,0.371667,6,0.011333,0.36209397,2.52076046,adaptive_quantile,1,15,0.2.0,1.0,0.1.2,0.1.0q,0.1.0,0.1.0,0.1.0,0.1,,,,0,0,1,1,0,triple_sigma_pack_long_step16,triple_sigma_pack_long_step16,0,0,0,INIT,2.0
2025.04.04 10:30,US100,PERIOD_M5,Bid,18452.34000000,18463.72000000,18426.72000000,18428.09000000,140.00,27.29500000,15.475254,0.00148116,1,0,0,0,-0.00132861,-0.00118661,-0.00167430,1.35555959,-0.88844109,-0.92594594,-0.50400984,-0.15979636,-0.05305367,-0.06021941,0.15475254,0.05129145,-0.74564219,-0.66634655,0.00000000,1.00000000,0.00000000,0.00000000,0.00000000,0.00000000,0.00000000,0.00000000,0.800000,0.100000,0.100000,LONG,6.000000,12.000000,72.000000,6.000000,12.000000,72.000000,LONG,0,6.000000,12.000000,6.000000,12.000000,72,1,,0.371667,6,0.011333,0.50400982,2.52076046,adaptive_quantile,1,16,0.2.0,1.0,0.1.2,0.1.0q,0.1.0,0.1.0,0.1.0,0.1,,,,0,0,1,1,0,triple_sigma_pack_long_step16,triple_sigma_pack_long_step16,0,0,0,INIT,2.0
2025.04.04 10:35,US100,PERIOD_M5,Bid,18427.84000000,18455.84000000,18426.59000000,18443.72000000,140.00,26.91142857,13.711999,0.00145911,1,0,0,0,0.00084780,-0.00066396,-0.00010843,1.08689880,0.59008390,0.17128205,0.06297199,0.40229979,0.00662863,0.03805583,0.13711998,0.05202251,-0.74771529,-0.66401941,0.00000000,1.00000000,0.00000000,0.00000000,0.00000000,0.00000000,0.00000000,0.00000000,0.800000,0.100000,0.100000,LONG,6.000000,12.000000,72.000000,6.000000,12.000000,72.000000,LONG,0,6.000000,12.000000,6.000000,12.000000,72,1,,0.371667,6,0.011333,0.06297199,2.52076046,adaptive_quantile,1,17,0.2.0,1.0,0.1.2,0.1.0q,0.1.0,0.1.0,0.1.0,0.1,,,,0,0,1,1,0,triple_sigma_pack_long_step16,triple_sigma_pack_long_step16,0,0,0,INIT,2.0
2025.04.04 10:40,US100,PERIOD_M5,Bid,18443.72000000,18445.97000000,18414.22000000,18429.22000000,140.00,27.11714286,14.869992,0.00147142,1,0,0,0,-0.00078648,-0.00126729,-0.00088136,1.17084610,-0.53471708,-0.05511811,-0.42724922,-0.13015670,-0.04497360,-0.04992721,0.14869992,0.05162786,-0.74978119,-0.66168582,0.00000000,1.00000000,0.00000000,0.00000000,0.00000000,0.00000000,0.00000000,0.00000000,0.800000,0.100000,0.100000,LONG,6.000000,12.000000,72.000000,6.000000,12.000000,72.000000,LONG,0,6.000000,12.000000,6.000000,12.000000,72,1,,0.371667,6,0.011333,0.42724923,2.52076046,adaptive_quantile,1,18,0.2.0,1.0,0.1.2,0.1.0q,0.1.0,0.1.0,0.1.0,0.1,,,,0,0,1,1,0,triple_sigma_pack_long_step16,triple_sigma_pack_long_step16,0,0,0,INIT,2.0
2025.04.04 10:45,US100,PERIOD_M5,Bid,18428.97000000,18444.72000000,18421.09000000,18435.97000000,140.00,27.26928571,15.873586,0.00147913,1,0,0,0,0.00036620,0.00042752,-0.00061654,0.86654270,0.25669906,0.25941598,-0.16044527,0.11346933,-0.01688898,-0.00713295,0.15873586,0.05133981,-0.75183982,-0.65934581,0.00000000,1.00000000,0.00000000,0.00000000,0.00000000,0.00000000,0.00000000,0.00000000,0.800000,0.100000,0.100000,LONG,6.000000,12.000000,72.000000,6.000000,12.000000,72.000000,LONG,0,6.000000,12.000000,6.000000,12.000000,72,1,,0.371667,6,0.011333,0.16044527,2.52076046,adaptive_quantile,1,19,0.2.0,1.0,0.1.2,0.1.0q,0.1.0,0.1.0,0.1.0,0.1,,,,0,0,1,1,0,triple_sigma_pack_long_step16,triple_sigma_pack_long_step16,0,0,0,INIT,2.0
2025.04.04 10:50,US100,PERIOD_M5,Bid,18435.97000000,18454.59000000,18419.59000000,18423.09000000,140.00,28.26000000,14.039227,0.00153394,1,0,0,0,-0.00069888,-0.00111916,-0.00096300,1.23849964,-0.45576787,-0.80000001,-0.55243713,-0.33269697,-0.05815127,-0.08386594,0.14039227,0.04953999,-0.75389111,-0.65699941,0.00000000,1.00000000,0.00000000,0.00000000,0.00000000,0.00000000,0.00000000,0.00000000,0.800000,0.100000,0.100000,LONG,6.000000,12.000000,72.000000,6.000000,12.000000,72.000000,LONG,0,6.000000,12.000000,6.000000,12.000000,72,1,,0.371667,6,0.011333,0.55243712,2.52076046,adaptive_quantile,1,20,0.2.0,1.0,0.1.2,0.1.0q,0.1.0,0.1.0,0.1.0,0.1,,,,0,0,1,1,0,triple_sigma_pack_long_step16,triple_sigma_pack_long_step16,0,0,0,INIT,2.0
2025.04.04 10:55,US100,PERIOD_M5,Bid,18423.72000000,18426.59000000,18401.59000000,18408.34000000,140.00,28.64357143,16.730557,0.00155601,1,0,0,0,-0.00080095,-0.00113363,-0.00109293,0.87279618,-0.53694421,-0.46000001,-0.95903772,-0.81012517,-0.10095134,-0.16358693,0.16730557,0.04887659,-0.75593507,-0.65464658,0.00000000,1.00000000,0.00000000,0.00000000,0.00000000,0.00000000,0.00000000,0.00000000,0.800000,0.100000,0.100000,LONG,6.000000,12.000000,72.000000,6.000000,12.000000,72.000000,LONG,0,6.000000,12.000000,6.000000,12.000000,72,1,,0.371667,6,0.011333,0.95903774,2.52076046,adaptive_quantile,1,21,0.2.0,1.0,0.1.2,0.1.0q,0.1.0,0.1.0,0.1.0,0.1,,,,0,0,1,1,0,triple_sigma_pack_long_step16,triple_sigma_pack_long_step16,0,0,0,INIT,2.0
2025.04.04 11:00,US100,PERIOD_M5,Bid,18408.09000000,18434.47000000,18397.97000000,18417.34000000,140.00,29.89357143,17.238989,0.00162312,1,0,0,0,0.00048879,-0.00101104,-0.00151265,1.22099829,0.30943108,0.06136986,-0.55902296,-0.45654714,-0.05884452,-0.10065103,0.17238989,0.04683281,-0.75797170,-0.65228742,0.00000000,1.00000000,0.00000000,0.00000000,0.00000000,0.00000000,0.00000000,0.00000000,0.800000,0.100000,0.100000,LONG,6.000000,12.000000,72.000000,6.000000,12.000000,72.000000,LONG,0,6.000000,12.000000,6.000000,12.000000,72,1,,0.371667,6,0.011333,0.55902297,2.52076046,adaptive_quantile,1,22,0.2.0,1.0,0.1.2,0.1.0q,0.1.0,0.1.0,0.1.0,0.1,,,,0,0,1,1,0,triple_sigma_pack_long_step16,triple_sigma_pack_long_step16,0,0,0,INIT,2.0
2025.04.04 11:05,US100,PERIOD_M5,Bid,18416.09000000,18424.47000000,18389.34000000,18415.22000000,140.00,31.18857143,18.930000,0.00169363,1,0,0,0,-0.00011512,-0.00042727,-0.00164132,1.12637413,-0.02789483,0.47338456,-0.54628170,-0.48573816,-0.05750334,-0.11282375,0.18930000,0.04488824,-0.76000100,-0.64992189,0.00000000,1.00000000,0.00000000,0.00000000,0.00000000,0.00000000,0.00000000,0.00000000,0.800000,0.100000,0.100000,LONG,6.000000,12.000000,72.000000,6.000000,12.000000,72.000000,LONG,0,6.000000,12.000000,6.000000,12.000000,72,1,,0.371667,6,0.011333,0.54628171,2.52076046,adaptive_quantile,1,23,0.2.0,1.0,0.1.2,0.1.0q,0.1.0,0.1.0,0.1.0,0.1,,,,0,0,1,1,0,triple_sigma_pack_long_step16,triple_sigma_pack_long_step16,0,0,0,INIT,2.0
2025.04.04 11:10,US100,PERIOD_M5,Bid,18416.47000000,18424.34000000,18406.22000000,18406.59000000,140.00,30.59000000,20.395542,0.00166190,3,0,0,0,-0.00046874,-0.00009507,-0.00295652,0.59235042,-0.32298136,-0.95916116,-0.75917614,-0.74687642,-0.07991328,-0.16251673,0.20395543,0.04576659,-0.76202291,-0.64755011,0.00000000,0.00000000,0.00000000,1.00000000,0.00000000,0.00000000,0.00000000,0.00000000,0.800000,0.100000,0.100000,LONG,6.000000,12.000000,72.000000,6.000000,12.000000,72.000000,LONG,0,6.000000,12.000000,6.000000,12.000000,72,1,,0.371667,6,0.011333,0.75917616,2.52076046,adaptive_quantile,1,24,0.2.0,1.0,0.1.2,0.1.0q,0.1.0,0.1.0,0.1.0,0.1,,,,0,0,1,1,0,triple_sigma_pack_long_step16,triple_sigma_pack_long_step16,0,0,0,INIT,2.0
2025.04.04 11:15,US100,PERIOD_M5,Bid,18406.34000000,18437.72000000,18399.34000000,18436.84000000,140.00,31.11714286,18.507163,0.00168777,1,0,0,0,0.00164208,0.00105822,-0.00071191,1.23340368,0.98016709,0.95414281,0.20431124,0.22857928,0.02150645,0.04038335,0.18507163,0.04499128,-0.76403737,-0.64517200,0.00000000,1.00000000,0.00000000,0.00000000,0.00000000,0.00000000,0.00000000,0.00000000,0.800000,0.100000,0.100000,LONG,6.000000,12.000000,72.000000,6.000000,12.000000,72.000000,LONG,0,6.000000,12.000000,6.000000,12.000000,72,1,,0.371667,6,0.011333,0.20431124,2.52076046,adaptive_quantile,1,25,0.2.0,1.0,0.1.2,0.1.0q,0.1.0,0.1.0,0.1.0,0.1,,,,0,0,1,1,0,triple_sigma_pack_long_step16,triple_sigma_pack_long_step16,0,0,0,INIT,2.0
2025.04.04 11:20,US100,PERIOD_M5,Bid,18436.97000000,18468.22000000,18435.84000000,18460.84000000,140.00,30.88500000,20.342002,0.00167300,3,1,0,1,0.00130090,0.00247424,0.00026384,1.04840541,0.77286708,0.54416305,0.88931143,0.96786875,0.09361173,0.16491613,0.20342003,0.04532945,-0.76604444,-0.64278764,0.00000000,0.00000000,0.00000000,1.00000000,0.00000000,0.00000000,1.00000000,0.00000000,0.800000,0.100000,0.100000,LONG,6.000000,12.000000,72.000000,6.000000,12.000000,72.000000,LONG,0,6.000000,12.000000,6.000000,12.000000,72,1,,0.371667,6,0.011333,0.88931144,2.47224052,adaptive_quantile,1,26,0.2.0,1.0,0.1.2,0.1.0q,0.1.0,0.1.0,0.1.0,0.1,,,,0,0,1,1,0,triple_sigma_pack_long_step16,triple_sigma_pack_long_step16,0,0,0,INIT,2.0
2025.04.04 11:25,US100,PERIOD_M5,Bid,18460.84000000,18480.72000000,18454.09000000,18454.09000000,140.00,30.76928571,23.489601,0.00166734,3,1,0,1,-0.00036571,0.00257727,0.00008129,0.86547345,-0.21937461,-1.00000000,0.60915923,0.72263861,0.06412203,0.12085921,0.23489600,0.04549992,-0.76804405,-0.64039701,0.00000000,0.00000000,0.00000000,1.00000000,0.00000000,0.00000000,1.00000000,0.00000000,0.800000,0.100000,0.100000,LONG,6.000000,12.000000,72.000000,6.000000,12.000000,72.000000,LONG,0,6.000000,12.000000,6.000000,12.000000,72,1,,0.371667,6,0.011333,0.60915924,2.39739817,adaptive_quantile,1,27,0.2.0,1.0,0.1.2,0.1.0q,0.1.0,0.1.0,0.1.0,0.1,,,,0,0,1,1,0,triple_sigma_pack_long_step16,triple_sigma_pack_long_step16,0,0,0,INIT,2.0
2025.04.04 11:30,US100,PERIOD_M5,Bid,18453.97000000,18457.72000000,18412.97000000,18414.97000000,140.00,32.13500000,20.837048,0.00174505,3,0,0,0,-0.00212211,-0.00118692,-0.00071221,1.39256263,-1.21362996,-0.91061455,-0.57370394,-0.50483191,-0.06038989,-0.09319077,0.20837048,0.04356620,-0.77003622,-0.63800013,0.00000000,0.00000000,0.00000000,1.00000000,0.00000000,0.00000000,0.00000000,0.00000000,0.800000,0.100000,0.100000,LONG,6.000000,12.000000,72.000000,6.000000,12.000000,72.000000,LONG,0,6.000000,12.000000,6.000000,12.000000,72,1,,0.371667,6,0.011333,0.57370394,2.39739817,adaptive_quantile,1,28,0.2.0,1.0,0.1.2,0.1.0q,0.1.0,0.1.0,0.1.0,0.1,,,,0,0,1,1,0,triple_sigma_pack_long_step16,triple_sigma_pack_long_step16,0,0,0,INIT,2.0
2025.04.04 11:35,US100,PERIOD_M5,Bid,18414.84000000,18433.22000000,18404.84000000,18428.22000000,140.00,31.56428571,18.844682,0.00171282,1,0,0,0,0.00071926,-0.00176855,-0.00084075,0.89911747,0.42389682,0.64763916,-0.14865135,-0.09048815,-0.01564751,-0.02200107,0.18844682,0.04435392,-0.77202094,-0.63559711,0.00000000,1.00000000,0.00000000,0.00000000,0.00000000,0.00000000,0.00000000,0.00000000,0.800000,0.100000,0.100000,LONG,6.000000,12.000000,72.000000,6.000000,12.000000,72.000000,LONG,0,6.000000,12.000000,6.000000,12.000000,72,1,,0.371667,6,0.011333,0.14865135,2.39739817,adaptive_quantile,1,29,0.2.0,1.0,0.1.2,0.1.0q,0.1.0,0.1.0,0.1.0,0.1,,,,0,0,1,1,0,triple_sigma_pack_long_step16,triple_sigma_pack_long_step16,0,0,0,INIT,2.0
2025.04.04 11:40,US100,PERIOD_M5,Bid,18428.22000000,18438.34000000,18405.34000000,18423.97000000,140.00,31.27857143,16.353467,0.00169771,1,0,0,0,-0.00023065,-0.00163349,-0.00028491,1.05503535,-0.13587578,0.12909091,-0.25865784,-0.21828105,-0.02722714,-0.04351681,0.16353467,0.04475908,-0.77399808,-0.63318789,0.00000000,1.00000000,0.00000000,0.00000000,0.00000000,0.00000000,0.00000000,0.00000000,0.800000,0.100000,0.100000,LONG,6.000000,12.000000,72.000000,6.000000,12.000000,72.000000,LONG,0,6.000000,12.000000,6.000000,12.000000,72,1,,0.371667,6,0.011333,0.25865784,2.39739817,adaptive_quantile,1,30,0.2.0,1.0,0.1.2,0.1.0q,0.1.0,0.1.0,0.1.0,0.1,,,,0,0,1,1,0,triple_sigma_pack_long_step16,triple_sigma_pack_long_step16,0,0,0,INIT,2.0
2025.04.04 11:45,US100,PERIOD_M5,Bid,18423.72000000,18441.09000000,18415.72000000,18437.84000000,140.00,31.00142857,14.710129,0.00168140,1,0,0,0,0.00075254,0.00124115,0.00010143,0.81834936,0.45546287,0.74379188,0.16867349,0.21825784,0.01775510,0.03137683,0.14710130,0.04515921,-0.77596778,-0.63077253,0.00000000,1.00000000,0.00000000,0.00000000,0.00000000,0.00000000,0.00000000,0.00000000,0.800000,0.100000,0.100000,LONG,6.000000,12.000000,72.000000,6.000000,12.000000,72.000000,LONG,0,6.000000,12.000000,6.000000,12.000000,72,1,,0.371667,6,0.011333,0.16867348,2.39739817,adaptive_quantile,1,31,0.2.0,1.0,0.1.2,0.1.0q,0.1.0,0.1.0,0.1.0,0.1,,,,0,0,1,1,0,triple_sigma_pack_long_step16,triple_sigma_pack_long_step16,0,0,0,INIT,2.0
2025.04.04 11:50,US100,PERIOD_M5,Bid,18437.72000000,18448.34000000,18424.84000000,18436.72000000,140.00,30.41214286,14.831186,0.00164954,1,0,0,0,-0.00006075,0.00046114,0.00073956,0.77271765,-0.03288160,0.01106383,0.12224638,0.17837879,0.01286804,0.02497968,0.14831187,0.04603424,-0.77792990,-0.62835109,0.00000000,1.00000000,0.00000000,0.00000000,0.00000000,0.00000000,0.00000000,0.00000000,0.800000,0.100000,0.100000,LONG,6.000000,12.000000,72.000000,6.000000,12.000000,72.000000,LONG,0,6.000000,12.000000,6.000000,12.000000,72,1,,0.371667,6,0.011333,0.12224637,2.27609664,adaptive_quantile,1,32,0.2.0,1.0,0.1.2,0.1.0q,0.1.0,0.1.0,0.1.0,0.1,,,,0,0,1,1,0,triple_sigma_pack_long_step16,triple_sigma_pack_long_step16,0,0,0,INIT,2.0
2025.04.04 11:55,US100,PERIOD_M5,Bid,18436.34000000,18436.34000000,18395.09000000,18410.47000000,140.00,31.69785714,14.532840,0.00172173,1,0,0,0,-0.00142480,-0.00073301,0.00011570,1.30134976,-0.81614351,-0.25430304,-0.64314443,-0.63122398,-0.06769941,-0.11376450,0.14532840,0.04416702,-0.77988446,-0.62592345,0.00000000,1.00000000,0.00000000,0.00000000,0.00000000,0.00000000,0.00000000,0.00000000,0.800000,0.100000,0.100000,LONG,6.000000,12.000000,72.000000,6.000000,12.000000,72.000000,LONG,0,6.000000,12.000000,6.000000,12.000000,72,1,,0.371667,6,0.011333,0.64314441,2.21021502,adaptive_quantile,1,33,0.2.0,1.0,0.1.2,0.1.0q,0.1.0,0.1.0,0.1.0,0.1,,,,0,0,1,1,0,triple_sigma_pack_long_step16,triple_sigma_pack_long_step16,0,0,0,INIT,2.0
2025.04.04 12:00,US100,PERIOD_M5,Bid,18413.09000000,18420.59000000,18377.97000000,18392.34000000,140.00,32.24214286,15.866621,0.00175302,1,0,0,0,-0.00098525,-0.00247080,-0.00135834,1.32187247,-0.64356762,-0.32566869,-1.08082402,-1.13648844,-0.11377095,-0.19483072,0.15866621,0.04342143,-0.78183150,-0.62348980,0.00000000,1.00000000,0.00000000,0.00000000,0.00000000,0.00000000,0.00000000,0.00000000,0.800000,0.100000,0.100000,LONG,6.000000,12.000000,72.000000,6.000000,12.000000,72.000000,LONG,0,6.000000,12.000000,6.000000,12.000000,72,1,,0.371667,6,0.011333,1.08082396,2.20591306,adaptive_quantile,1,34,0.2.0,1.0,0.1.2,0.1.0q,0.1.0,0.1.0,0.1.0,0.1,,,,0,0,1,1,0,triple_sigma_pack_long_step16,triple_sigma_pack_long_step16,0,0,0,INIT,2.0
2025.04.04 12:05,US100,PERIOD_M5,Bid,18392.34000000,18410.84000000,18372.72000000,18406.09000000,140.00,33.17928571,17.538547,0.00180263,1,0,0,0,0.00074731,-0.00166274,-0.00049591,1.14890957,0.41441518,0.75078696,-0.57532102,-0.66291553,-0.06056010,-0.11177007,0.17538548,0.04219500,-0.78377086,-0.62105006,0.00000000,1.00000000,0.00000000,0.00000000,0.00000000,0.00000000,0.00000000,0.00000000,0.800000,0.100000,0.100000,LONG,6.000000,12.000000,72.000000,6.000000,12.000000,72.000000,LONG,0,6.000000,12.000000,6.000000,12.000000,72,1,,0.371667,6,0.011333,0.57532099,2.02613750,adaptive_quantile,1,35,0.2.0,1.0,0.1.2,0.1.0q,0.1.0,0.1.0,0.1.0,0.1,,,,0,0,1,1,0,triple_sigma_pack_long_step16,triple_sigma_pack_long_step16,0,0,0,INIT,2.0
2025.04.04 12:10,US100,PERIOD_M5,Bid,18406.34000000,18412.34000000,18379.22000000,18392.84000000,140.00,32.93785714,18.660770,0.00179080,1,0,0,0,-0.00072013,-0.00095807,-0.00074729,1.00552988,-0.40986273,-0.17753623,-0.88830489,-1.02808464,-0.09350578,-0.17153686,0.18660770,0.04250428,-0.78570271,-0.61860430,0.00000000,1.00000000,0.00000000,0.00000000,0.00000000,0.00000000,0.00000000,0.00000000,0.800000,0.100000,0.100000,LONG,6.000000,12.000000,72.000000,6.000000,12.000000,72.000000,LONG,0,6.000000,12.000000,6.000000,12.000000,72,1,,0.371667,6,0.011333,0.88830489,1.94904223,adaptive_quantile,1,36,0.2.0,1.0,0.1.2,0.1.0q,0.1.0,0.1.0,0.1.0,0.1,,,,0,0,1,1,0,triple_sigma_pack_long_step16,triple_sigma_pack_long_step16,0,0,0,INIT,2.0
2025.04.04 12:15,US100,PERIOD_M5,Bid,18392.72000000,18415.72000000,18388.34000000,18404.72000000,140.00,32.38428571,18.682325,0.00175956,1,0,0,0,0.00064570,0.00067288,-0.00174368,0.84547180,0.37055010,0.19649379,-0.48553580,-0.65219378,-0.05110903,-0.10006453,0.18682325,0.04323084,-0.78762686,-0.61615252,0.00000000,1.00000000,0.00000000,0.00000000,0.00000000,0.00000000,0.00000000,0.00000000,0.800000,0.100000,0.100000,LONG,6.000000,12.000000,72.000000,6.000000,12.000000,72.000000,LONG,0,6.000000,12.000000,6.000000,12.000000,72,1,,0.371667,6,0.011333,0.48553580,1.94904223,adaptive_quantile,1,37,0.2.0,1.0,0.1.2,0.1.0q,0.1.0,0.1.0,0.1.0,0.1,,,,0,0,1,1,0,triple_sigma_pack_long_step16,triple_sigma_pack_long_step16,0,0,0,INIT,2.0
2025.04.04 12:20,US100,PERIOD_M5,Bid,18404.72000000,18417.47000000,18394.84000000,18400.47000000,140.00,32.70642857,18.078023,0.00177748,1,0,0,0,-0.00023095,-0.00030538,-0.00327552,0.69191289,-0.12994388,-0.50243038,-0.55253571,-0.74529374,-0.05816165,-0.12073075,0.18078023,0.04280504,-0.78954333,-0.61369479,0.00000000,1.00000000,0.00000000,0.00000000,0.00000000,0.00000000,0.00000000,0.00000000,0.800000,0.100000,0.100000,LONG,6.000000,12.000000,72.000000,6.000000,12.000000,72.000000,LONG,0,6.000000,12.000000,6.000000,12.000000,72,1,,0.371667,6,0.011333,0.55253572,1.94904223,adaptive_quantile,1,38,0.2.0,1.0,0.1.2,0.1.0q,0.1.0,0.1.0,0.1.0,0.1,,,,0,0,1,1,0,triple_sigma_pack_long_step16,triple_sigma_pack_long_step16,0,0,0,INIT,2.0
2025.04.04 12:25,US100,PERIOD_M5,Bid,18399.97000000,18406.34000000,18363.47000000,18363.59000000,140.00,33.02714286,20.992562,0.00179851,3,0,1,1,-0.00200631,-0.00159156,-0.00491613,1.29802322,-1.10151827,-0.99440169,-1.50536776,-1.78197992,-0.15845977,-0.27608526,0.20992562,0.04238938,-0.79145217,-0.61123109,0.00000000,0.00000000,0.00000000,1.00000000,0.00000000,0.00000000,0.00000000,1.00000000,0.800000,0.100000,0.100000,LONG,6.000000,12.000000,72.000000,6.000000,12.000000,72.000000,LONG,1,6.000000,12.000000,6.000000,12.000000,72,1,,0.371667,6,0.011333,1.50536778,1.94904223,adaptive_quantile,1,39,0.2.0,1.0,0.1.2,0.1.0q,0.1.0,0.1.0,0.1.0,0.1,,,,0,0,1,1,0,triple_sigma_pack_long_step16,triple_sigma_pack_long_step16,0,0,0,INIT,2.0
2025.04.04 12:30,US100,PERIOD_M5,Bid,18364.09000000,18387.84000000,18342.72000000,18382.59000000,140.00,33.93714286,24.950879,0.00184616,3,0,1,1,0.00103412,-0.00120313,-0.00175990,1.32951677,0.54512542,0.76728725,-0.81893969,-1.12828636,-0.08620418,-0.16216113,0.24950878,0.04125274,-0.79335332,-0.60876143,0.00000000,0.00000000,0.00000000,1.00000000,0.00000000,0.00000000,0.00000000,1.00000000,0.800000,0.100000,0.100000,LONG,6.000000,12.000000,72.000000,6.000000,12.000000,72.000000,LONG,1,6.000000,12.000000,6.000000,12.000000,72,1,,0.371667,6,0.011333,0.81893969,1.94904223,adaptive_quantile,1,40,0.2.0,1.0,0.1.2,0.1.0q,0.1.0,0.1.0,0.1.0,0.1,,,,0,0,1,1,0,triple_sigma_pack_long_step16,triple_sigma_pack_long_step16,0,0,0,INIT,2.0
2025.04.04 12:35,US100,PERIOD_M5,Bid,18382.59000000,18407.97000000,18379.72000000,18391.22000000,140.00,34.05285714,23.513607,0.00185158,3,0,1,1,0.00046936,-0.00050283,-0.00200981,0.82959265,0.25342953,-0.18584071,-0.50913423,-0.83686501,-0.05359308,-0.11353371,0.23513606,0.04111256,-0.79524678,-0.60628587,0.00000000,0.00000000,0.00000000,1.00000000,0.00000000,0.00000000,0.00000000,1.00000000,0.800000,0.100000,0.100000,LONG,6.000000,12.000000,72.000000,6.000000,12.000000,72.000000,LONG,1,6.000000,12.000000,6.000000,12.000000,72,1,,0.371667,6,0.011333,0.50913425,1.94904223,adaptive_quantile,1,41,0.2.0,1.0,0.1.2,0.1.0q,0.1.0,0.1.0,0.1.0,0.1,,,,0,0,1,1,0,triple_sigma_pack_long_step16,triple_sigma_pack_long_step16,0,0,0,INIT,2.0
2025.04.04 12:40,US100,PERIOD_M5,Bid,18391.22000000,18414.09000000,18388.47000000,18393.09000000,140.00,32.68642857,20.963531,0.00177710,3,0,1,1,0.00010167,0.00160515,-0.00167748,0.78381157,0.05721029,-0.63934427,-0.42814046,-0.78269249,-0.04506742,-0.10276624,0.20963532,0.04283123,-0.79713249,-0.60380441,0.00000000,0.00000000,0.00000000,1.00000000,0.00000000,0.00000000,0.00000000,1.00000000,0.800000,0.100000,0.100000,LONG,6.000000,12.000000,72.000000,6.000000,12.000000,72.000000,LONG,1,6.000000,12.000000,6.000000,12.000000,72,1,,0.371667,6,0.011333,0.42814047,1.94904223,adaptive_quantile,1,42,0.2.0,1.0,0.1.2,0.1.0q,0.1.0,0.1.0,0.1.0,0.1,,,,0,0,1,1,0,triple_sigma_pack_long_step16,triple_sigma_pack_long_step16,0,0,0,INIT,2.0
2025.04.04 12:45,US100,PERIOD_M5,Bid,18393.22000000,18414.09000000,18386.34000000,18408.59000000,140.00,32.64142857,19.146010,0.00177316,1,0,0,0,0.00084235,0.00141338,-0.00158767,0.85014659,0.47087401,0.60360360,0.04173301,-0.29680058,0.00439295,-0.01514427,0.19146010,0.04289028,-0.79901046,-0.60131711,0.00000000,1.00000000,0.00000000,0.00000000,0.00000000,0.00000000,0.00000000,0.00000000,0.800000,0.100000,0.100000,LONG,6.000000,12.000000,72.000000,6.000000,12.000000,72.000000,LONG,0,6.000000,12.000000,6.000000,12.000000,72,1,,0.371667,6,0.011333,0.04173301,1.94904223,adaptive_quantile,1,43,0.2.0,1.0,0.1.2,0.1.0q,0.1.0,0.1.0,0.1.0,0.1,,,,0,0,1,1,0,triple_sigma_pack_long_step16,triple_sigma_pack_long_step16,0,0,0,INIT,2.0
2025.04.04 12:50,US100,PERIOD_M5,Bid,18408.34000000,18408.97000000,18384.47000000,18389.34000000,140.00,32.03428571,17.992456,0.00174200,1,0,0,0,-0.00104625,-0.00010223,-0.00257318,0.76480556,-0.59311450,-0.60244900,-0.50521421,-0.86791921,-0.05318044,-0.10975154,0.17992456,0.04370318,-0.80088073,-0.59882390,0.00000000,1.00000000,0.00000000,0.00000000,0.00000000,0.00000000,0.00000000,0.00000000,0.800000,0.100000,0.100000,LONG,6.000000,12.000000,72.000000,6.000000,12.000000,72.000000,LONG,0,6.000000,12.000000,6.000000,12.000000,72,1,,0.371667,6,0.011333,0.50521424,1.94904223,adaptive_quantile,1,44,0.2.0,1.0,0.1.2,0.1.0q,0.1.0,0.1.0,0.1.0,0.1,,,,0,0,1,1,0,triple_sigma_pack_long_step16,triple_sigma_pack_long_step16,0,0,0,INIT,2.0
2025.04.04 12:55,US100,PERIOD_M5,Bid,18389.59000000,18395.59000000,18377.97000000,18395.22000000,140.00,31.48071429,18.900704,0.00171135,1,0,0,0,0.00031970,0.00011580,-0.00082868,0.55970776,0.17883965,0.95800227,-0.29614407,-0.66909027,-0.03117306,-0.07575790,0.18900704,0.04447167,-0.80274314,-0.59632498,0.00000000,1.00000000,0.00000000,0.00000000,0.00000000,0.00000000,0.00000000,0.00000000,0.800000,0.100000,0.100000,LONG,6.000000,12.000000,72.000000,6.000000,12.000000,72.000000,LONG,0,6.000000,12.000000,6.000000,12.000000,72,1,,0.371667,6,0.011333,0.29614408,1.89250024,adaptive_quantile,1,45,0.2.0,1.0,0.1.2,0.1.0q,0.1.0,0.1.0,0.1.0,0.1,,,,0,0,1,1,0,triple_sigma_pack_long_step16,triple_sigma_pack_long_step16,0,0,0,INIT,2.0
2025.04.04 13:00,US100,PERIOD_M5,Bid,18395.22000000,18423.59000000,18388.97000000,18402.47000000,140.00,32.27500000,17.865436,0.00175384,1,0,0,0,0.00039405,-0.00033251,0.00055062,1.07265687,0.22463207,-0.22010398,-0.05810736,-0.41120791,-0.00611656,-0.03371263,0.17865436,0.04337723,-0.80459780,-0.59382021,0.00000000,1.00000000,0.00000000,0.00000000,0.00000000,0.00000000,0.00000000,0.00000000,0.800000,0.100000,0.100000,LONG,6.000000,12.000000,72.000000,6.000000,12.000000,72.000000,LONG,0,6.000000,12.000000,6.000000,12.000000,72,1,,0.371667,6,0.011333,0.05810736,1.89179466,adaptive_quantile,1,46,0.2.0,1.0,0.1.2,0.1.0q,0.1.0,0.1.0,0.1.0,0.1,,,,0,0,1,1,0,triple_sigma_pack_long_step16,triple_sigma_pack_long_step16,0,0,0,INIT,2.0
2025.04.04 13:05,US100,PERIOD_M5,Bid,18401.84000000,18414.47000000,18286.59000000,18288.09000000,140.00,38.43571429,17.666144,0.00210168,1,0,0,0,-0.00623487,-0.00552112,-0.00643156,3.32711387,-2.95948720,-0.97654051,-2.73660779,-3.19093299,-0.28806397,-0.41931513,0.17666143,0.03642446,-0.80644459,-0.59130967,0.00000000,1.00000000,0.00000000,0.00000000,0.00000000,0.00000000,0.00000000,0.00000000,0.800000,0.100000,0.100000,LONG,6.000000,12.000000,72.000000,6.000000,12.000000,72.000000,LONG,0,0.000000,0.000000,0.000000,0.000000,72,1,,0.371667,6,0.011333,2.73660768,1.83817869,adaptive_quantile,0,0,0.2.0,1.0,0.1.2,0.1.0q,0.1.0,0.1.0,0.1.0,0.1,,,,0,0,0,1,0,triple_sigma_pack_long_step16,,0,0,0,INIT,2.0
2025.04.04 13:10,US100,PERIOD_M5,Bid,18287.97000000,18298.47000000,18220.34000000,18246.09000000,140.00,40.97214286,20.082934,0.00224553,3,0,0,0,-0.00229922,-0.00814004,-0.00801065,1.90690541,-1.02215791,-0.34084219,-3.25015950,-3.86089373,-0.34212205,-0.49846005,0.20082934,0.03416956,-0.80828357,-0.58879340,0.00000000,0.00000000,0.00000000,1.00000000,0.00000000,0.00000000,0.00000000,0.00000000,0.800000,0.100000,0.100000,LONG,6.000000,12.000000,72.000000,6.000000,12.000000,72.000000,LONG,0,0.000000,0.000000,0.000000,0.000000,72,1,,0.371667,6,0.011333,3.25015945,1.83817869,adaptive_quantile,0,0,0.2.0,1.0,0.1.2,0.1.0q,0.1.0,0.1.0,0.1.0,0.1,,,,0,0,0,1,0,triple_sigma_pack_long_step16,,0,0,0,INIT,2.0
2025.04.04 13:15,US100,PERIOD_M5,Bid,18246.09000000,18255.34000000,18144.84000000,18163.72000000,140.00,46.14214286,23.697714,0.00254035,3,0,0,0,-0.00452461,-0.01305870,-0.01318096,2.39477396,-1.78513598,-0.65828055,-4.22626162,-5.00898695,-0.44486964,-0.61056441,0.23697715,0.03034103,-0.81011474,-0.58627135,0.00000000,0.00000000,0.00000000,1.00000000,0.00000000,0.00000000,0.00000000,0.00000000,0.800000,0.100000,0.100000,LONG,6.000000,12.000000,72.000000,6.000000,12.000000,72.000000,LONG,0,0.000000,0.000000,0.000000,0.000000,72,1,,0.371667,6,0.011333,4.22626145,1.83817869,adaptive_quantile,0,0,0.2.0,1.0,0.1.2,0.1.0q,0.1.0,0.1.0,0.1.0,0.1,,,,0,0,0,1,0,triple_sigma_pack_long_step16,,0,0,0,INIT,2.0
2025.04.04 13:20,US100,PERIOD_M5,Bid,18163.47000000,18166.34000000,17964.72000000,18072.47000000,140.00,58.17785714,28.318211,0.00321914,3,0,0,0,-0.00503641,-0.01186024,-0.01798642,3.46557975,-1.56416893,0.06884237,-4.45179701,-5.32390213,-0.46861023,-0.69255036,0.28318211,0.02406414,-0.81193799,-0.58374369,0.00000000,0.00000000,0.00000000,1.00000000,0.00000000,0.00000000,0.00000000,0.00000000,0.800000,0.100000,0.100000,LONG,6.000000,12.000000,72.000000,6.000000,12.000000,72.000000,LONG,0,0.000000,0.000000,0.000000,0.000000,72,1,,0.371667,6,0.011333,4.45179718,1.83817869,adaptive_quantile,0,0,0.2.0,1.0,0.1.2,0.1.0q,0.1.0,0.1.0,0.1.0,0.1,,,,0,0,0,1,0,triple_sigma_pack_long_step16,,0,0,0,INIT,2.0
2025.04.04 13:25,US100,PERIOD_M5,Bid,18073.84000000,18092.09000000,17922.72000000,17927.72000000,140.00,68.32000000,32.674624,0.00381086,5,0,0,0,-0.00804167,-0.01760269,-0.02402178,2.47906899,-2.13875890,-0.94095767,-5.34680939,-6.39139843,-0.56282204,-0.77387512,0.32674626,0.02049180,-0.81375337,-0.58121032,0.00000000,0.00000000,0.00000000,0.00000000,0.00000000,1.00000000,0.00000000,0.00000000,0.800000,0.100000,0.100000,LONG,6.000000,12.000000,72.000000,6.000000,12.000000,72.000000,LONG,0,0.000000,0.000000,0.000000,0.000000,72,1,,0.371667,6,0.011333,5.34680940,1.89179466,adaptive_quantile,0,0,0.2.0,1.0,0.1.2,0.1.0q,0.1.0,0.1.0,0.1.0,0.1,,,,0,0,0,1,0,triple_sigma_pack_long_step16,,0,0,0,INIT,2.0
2025.04.04 13:30,US100,PERIOD_M5,Bid,17927.34000000,18060.22000000,17921.84000000,18016.72000000,140.00,76.58785714,36.459919,0.00425093,5,0,0,0,0.00495210,-0.00812598,-0.02010380,1.80681384,1.16702569,0.37129644,-3.26396775,-4.36135197,-0.34357557,-0.50949103,0.36459920,0.01827966,-0.81556088,-0.57867128,0.00000000,0.00000000,0.00000000,0.00000000,0.00000000,1.00000000,0.00000000,0.00000000,0.800000,0.100000,0.100000,LONG,6.000000,12.000000,72.000000,6.000000,12.000000,72.000000,LONG,0,0.000000,0.000000,0.000000,0.000000,72,1,,0.371667,6,0.011333,3.26396784,1.89250024,adaptive_quantile,0,0,0.2.0,1.0,0.1.2,0.1.0q,0.1.0,0.1.0,0.1.0,0.1,,,,0,0,0,1,0,triple_sigma_pack_long_step16,,0,0,0,INIT,2.0
2025.04.04 13:35,US100,PERIOD_M5,Bid,18019.97000000,18080.97000000,18016.97000000,18048.47000000,140.00,78.11500000,37.617608,0.00432807,5,0,0,0,0.00176070,-0.00132887,-0.01881246,0.81930488,0.36484671,-0.01562500,-2.52763820,-3.71788549,-0.26606718,-0.42773882,0.37617609,0.01792229,-0.81736040,-0.57612664,0.00000000,0.00000000,0.00000000,0.00000000,0.00000000,1.00000000,0.00000000,0.00000000,0.800000,0.100000,0.100000,LONG,6.000000,12.000000,72.000000,6.000000,12.000000,72.000000,LONG,0,0.000000,0.000000,0.000000,0.000000,72,1,,0.371667,6,0.011333,2.52763828,1.94904223,adaptive_quantile,0,0,0.2.0,1.0,0.1.2,0.1.0q,0.1.0,0.1.0,0.1.0,0.1,,,,0,0,0,1,0,triple_sigma_pack_long_step16,,0,0,0,INIT,2.0
2025.04.04 13:40,US100,PERIOD_M5,Bid,18048.47000000,18052.59000000,17956.09000000,17981.47000000,140.00,81.78500000,39.953709,0.00454829,5,0,0,0,-0.00371913,0.00299366,-0.02263327,1.17992294,-0.81922114,-0.47398964,-2.92548871,-4.19888783,-0.30794618,-0.49045342,0.39953709,0.01711805,-0.81915206,-0.57357645,0.00000000,0.00000000,0.00000000,0.00000000,0.00000000,1.00000000,0.00000000,0.00000000,0.800000,0.100000,0.100000,LONG,6.000000,12.000000,72.000000,6.000000,12.000000,72.000000,LONG,0,0.000000,0.000000,0.000000,0.000000,72,1,,0.371667,6,0.011333,2.92548862,2.02613750,adaptive_quantile,0,0,0.2.0,1.0,0.1.2,0.1.0q,0.1.0,0.1.0,0.1.0,0.1,,,,0,0,0,1,0,triple_sigma_pack_long_step16,,0,0,0,INIT,2.0
2025.04.04 13:45,US100,PERIOD_M5,Bid,17981.47000000,18006.34000000,17936.34000000,17986.59000000,140.00,84.76714286,42.492417,0.00471280,5,0,0,0,0.00028470,-0.00167374,-0.02319092,0.82579166,0.06040076,0.43571427,-2.49910426,-3.83426785,-0.26306361,-0.47713131,0.42492417,0.01651583,-0.82093573,-0.57102066,0.00000000,0.00000000,0.00000000,0.00000000,0.00000000,1.00000000,0.00000000,0.00000000,0.800000,0.100000,0.100000,LONG,6.000000,12.000000,72.000000,6.000000,12.000000,72.000000,LONG,0,0.000000,0.000000,0.000000,0.000000,72,1,,0.371667,6,0.011333,2.49910435,2.20591306,adaptive_quantile,0,0,0.2.0,1.0,0.1.2,0.1.0q,0.1.0,0.1.0,0.1.0,0.1,,,,0,0,0,1,0,triple_sigma_pack_long_step16,,0,0,0,INIT,2.0
2025.04.04 13:50,US100,PERIOD_M5,Bid,17986.59000000,17996.34000000,17869.47000000,17876.34000000,140.00,91.99928571,45.547201,0.00514643,5,0,0,0,-0.00614843,-0.00958287,-0.02829310,1.37903249,-1.19837892,-0.89170015,-3.16759539,-4.54569340,-0.33343109,-0.56690192,0.45547202,0.01521751,-0.82271141,-0.56845927,0.00000000,0.00000000,0.00000000,0.00000000,0.00000000,1.00000000,0.00000000,0.00000000,0.800000,0.100000,0.100000,LONG,6.000000,12.000000,72.000000,6.000000,12.000000,72.000000,LONG,0,0.000000,0.000000,0.000000,0.000000,72,1,,0.371667,6,0.011333,3.16759539,2.27609664,adaptive_quantile,0,0,0.2.0,1.0,0.1.2,0.1.0q,0.1.0,0.1.0,0.1.0,0.1,,,,0,0,0,1,0,triple_sigma_pack_long_step16,,0,0,0,INIT,2.0
2025.04.04 13:55,US100,PERIOD_M5,Bid,17877.34000000,17931.34000000,17855.34000000,17907.59000000,140.00,95.44571429,48.470583,0.00532990,5,0,1,1,0.00174659,-0.00411714,-0.02686620,0.79626417,0.31693408,0.37500000,-2.46620560,-3.89515662,-0.25960058,-0.48887303,0.48470584,0.01466802,-0.82447910,-0.56589240,0.00000000,0.00000000,0.00000000,0.00000000,0.00000000,1.00000000,0.00000000,1.00000000,0.800000,0.100000,0.100000,LONG,6.000000,12.000000,72.000000,6.000000,12.000000,72.000000,LONG,1,6.000000,12.000000,6.000000,12.000000,72,1,,0.371667,6,0.011333,2.46620555,2.47224052,adaptive_quantile,0,0,0.2.0,1.0,0.1.2,0.1.0q,0.1.0,0.1.0,0.1.0,0.1,,,,0,0,0,1,0,triple_sigma_pack_long_step16,,0,0,0,INIT,2.0
2025.04.04 14:00,US100,PERIOD_M5,Bid,17908.09000000,17968.72000000,17908.09000000,17962.59000000,140.00,98.06214286,46.873413,0.00545924,5,0,1,1,0.00306662,-0.00133522,-0.02419363,0.61828142,0.55577004,0.79778987,-1.66434121,-3.10367894,-0.17519382,-0.36046332,0.46873412,0.01427666,-0.82623875,-0.56332004,0.00000000,0.00000000,0.00000000,0.00000000,0.00000000,1.00000000,0.00000000,1.00000000,0.800000,0.100000,0.100000,LONG,6.000000,12.000000,72.000000,6.000000,12.000000,72.000000,LONG,1,6.000000,12.000000,6.000000,12.000000,72,1,,0.371667,6,0.011333,1.66434125,2.46620555,adaptive_quantile,0,0,0.2.0,1.0,0.1.2,0.1.0q,0.1.0,0.1.0,0.1.0,0.1,,,,0,0,0,1,0,triple_sigma_pack_long_step16,,0,0,0,INIT,2.0
2025.04.04 14:05,US100,PERIOD_M5,Bid,17962.59000000,17980.97000000,17876.97000000,17908.84000000,140.00,104.23214286,46.290027,0.00582015,5,0,1,1,-0.00299682,0.00181639,-0.02095558,0.99777281,-0.51567584,-0.38711539,-1.88325894,-3.30090237,-0.19823779,-0.41368312,0.46290028,0.01343156,-0.82799041,-0.56074220,0.00000000,0.00000000,0.00000000,0.00000000,0.00000000,1.00000000,0.00000000,1.00000000,0.800000,0.100000,0.100000,LONG,6.000000,12.000000,72.000000,6.000000,12.000000,72.000000,LONG,1,6.000000,12.000000,6.000000,12.000000,72,1,,0.371667,6,0.011333,1.88325898,2.27609664,adaptive_quantile,0,0,0.2.0,1.0,0.1.2,0.1.0q,0.1.0,0.1.0,0.1.0,0.1,,,,0,0,0,1,0,triple_sigma_pack_long_step16,,0,0,0,INIT,2.0
2025.04.04 14:10,US100,PERIOD_M5,Bid,17908.84000000,17929.22000000,17873.09000000,17892.22000000,140.00,105.76857143,45.972946,0.00591143,5,0,1,1,-0.00092846,-0.00085866,-0.01958483,0.53068691,-0.15713553,-0.31836808,-1.82131982,-3.27635908,-0.19171788,-0.42949218,0.45972946,0.01323645,-0.82973403,-0.55815893,0.00000000,0.00000000,0.00000000,0.00000000,0.00000000,1.00000000,0.00000000,1.00000000,0.800000,0.100000,0.100000,LONG,6.000000,12.000000,72.000000,6.000000,12.000000,72.000000,LONG,1,6.000000,12.000000,6.000000,12.000000,72,1,,0.371667,6,0.011333,1.82131980,2.27609664,adaptive_quantile,0,0,0.2.0,1.0,0.1.2,0.1.0q,0.1.0,0.1.0,0.1.0,0.1,,,,0,0,0,1,0,triple_sigma_pack_long_step16,,0,0,0,INIT,2.0
2025.04.04 14:15,US100,PERIOD_M5,Bid,17892.22000000,17919.47000000,17877.72000000,17888.22000000,140.00,99.61642857,45.698142,0.00556883,5,0,1,1,-0.00022359,-0.00414887,-0.01528380,0.41910759,-0.04015402,-0.49700600,-1.78595972,-3.38086128,-0.18799576,-0.43345153,0.45698142,0.01405391,-0.83146960,-0.55557024,0.00000000,0.00000000,0.00000000,0.00000000,0.00000000,1.00000000,0.00000000,1.00000000,0.800000,0.100000,0.100000,LONG,6.000000,12.000000,72.000000,6.000000,12.000000,72.000000,LONG,1,6.000000,12.000000,6.000000,12.000000,72,1,,0.371667,6,0.011333,1.78595971,1.89179466,adaptive_quantile,0,0,0.2.0,1.0,0.1.2,0.1.0q,0.1.0,0.1.0,0.1.0,0.1,,,,0,0,0,1,0,triple_sigma_pack_long_step16,,0,0,0,INIT,2.0
2025.04.04 14:20,US100,PERIOD_M5,Bid,17887.47000000,17894.97000000,17844.09000000,17857.59000000,140.00,97.67000000,47.242821,0.00546938,5,0,0,0,-0.00171377,-0.00286582,-0.01196116,0.52093786,-0.30592811,-0.46933961,-1.93181002,-3.61432076,-0.20334843,-0.46412072,0.47242820,0.01433398,-0.83319712,-0.55297613,0.00000000,0.00000000,0.00000000,0.00000000,0.00000000,1.00000000,0.00000000,0.00000000,0.800000,0.100000,0.100000,LONG,6.000000,12.000000,72.000000,6.000000,12.000000,72.000000,LONG,0,0.000000,0.000000,0.000000,0.000000,72,1,,0.371667,6,0.011333,1.93181004,1.88325898,adaptive_quantile,0,0,0.2.0,1.0,0.1.2,0.1.0q,0.1.0,0.1.0,0.1.0,0.1,,,,0,0,0,1,0,triple_sigma_pack_long_step16,,0,0,0,INIT,2.0
2025.04.04 14:25,US100,PERIOD_M5,Bid,17857.34000000,17861.09000000,17700.72000000,17725.34000000,140.00,101.23214286,50.125987,0.00571115,5,0,0,0,-0.00743337,-0.00937073,-0.01135286,1.58418059,-1.30393362,-0.69296002,-2.86830974,-4.60556173,-0.30192733,-0.57188177,0.50125986,0.01382960,-0.83491647,-0.55037665,0.00000000,0.00000000,0.00000000,0.00000000,0.00000000,1.00000000,0.00000000,0.00000000,0.800000,0.100000,0.100000,LONG,6.000000,12.000000,72.000000,6.000000,12.000000,72.000000,LONG,0,0.000000,0.000000,0.000000,0.000000,72,1,,0.371667,6,0.011333,2.86830969,1.88325898,adaptive_quantile,0,0,0.2.0,1.0,0.1.2,0.1.0q,0.1.0,0.1.0,0.1.0,0.1,,,,0,0,0,1,0,triple_sigma_pack_long_step16,,0,0,0,INIT,2.0
2025.04.04 14:30,US100,PERIOD_M5,Bid,17725.34000000,17764.97000000,17644.72000000,17764.34000000,140.00,95.42000000,53.206490,0.00537144,5,0,0,0,0.00219782,-0.00694932,-0.01410714,1.26021802,0.40871936,0.98952180,-2.38341641,-4.30178928,-0.25088593,-0.47752291,0.53206491,0.01467198,-0.83662778,-0.54777181,0.00000000,0.00000000,0.00000000,0.00000000,0.00000000,1.00000000,0.00000000,0.00000000,0.800000,0.100000,0.100000,LONG,6.000000,12.000000,72.000000,6.000000,12.000000,72.000000,LONG,0,0.000000,0.000000,0.000000,0.000000,72,1,,0.371667,6,0.011333,2.38341647,1.89179466,adaptive_quantile,0,0,0.2.0,1.0,0.1.2,0.1.0q,0.1.0,0.1.0,0.1.0,0.1,,,,0,0,0,1,0,triple_sigma_pack_long_step16,,0,0,0,INIT,2.0
2025.04.04 14:35,US100,PERIOD_M5,Bid,17764.22000000,17866.22000000,17761.72000000,17852.97000000,140.00,90.78642857,50.061739,0.00508523,5,0,1,1,0.00497680,-0.00025875,-0.01089104,1.15105307,0.97756904,0.74641150,-1.38321304,-3.40607405,-0.14560138,-0.28825936,0.50061738,0.01542081,-0.83833092,-0.54516172,0.00000000,0.00000000,0.00000000,0.00000000,0.00000000,1.00000000,0.00000000,1.00000000,0.800000,0.100000,0.100000,LONG,6.000000,12.000000,72.000000,6.000000,12.000000,72.000000,LONG,1,6.000000,12.000000,6.000000,12.000000,72,1,,0.371667,6,0.011333,1.38321303,1.93181004,adaptive_quantile,1,0,0.2.0,1.0,0.1.2,0.1.0q,0.1.0,0.1.0,0.1.0,0.1,,,,0,0,0,1,0,triple_sigma_pack_long_step16,triple_sigma_pack_long_step16,0,0,0,INIT,2.0
2025.04.04 14:40,US100,PERIOD_M5,Bid,17852.97000000,17857.59000000,17751.22000000,17751.22000000,140.00,88.50000000,47.606006,0.00498557,5,0,0,0,-0.00571564,0.00145899,-0.01288754,1.20192087,-1.14971757,-1.00000000,-2.32403135,-4.46167946,-0.24463490,-0.38556674,0.47606006,0.01581921,-0.84002590,-0.54254627,0.00000000,0.00000000,0.00000000,0.00000000,0.00000000,1.00000000,0.00000000,0.00000000,0.800000,0.100000,0.100000,LONG,6.000000,12.000000,72.000000,6.000000,12.000000,72.000000,LONG,0,6.000000,12.000000,6.000000,12.000000,72,1,,0.371667,6,0.011333,2.32403145,1.93181004,adaptive_quantile,1,1,0.2.0,1.0,0.1.2,0.1.0q,0.1.0,0.1.0,0.1.0,0.1,,,,0,0,1,1,0,triple_sigma_pack_long_step16,triple_sigma_pack_long_step16,0,0,0,INIT,2.0
2025.04.04 14:45,US100,PERIOD_M5,Bid,17751.22000000,17842.09000000,17750.72000000,17805.97000000,140.00,90.43714286,45.494430,0.00507903,5,0,1,1,0.00307955,0.00234072,-0.01009269,1.01031494,0.60539287,0.20936850,-1.50991952,-3.61323905,-0.15893890,-0.28385428,0.45494431,0.01548037,-0.84171277,-0.53992558,0.00000000,0.00000000,0.00000000,0.00000000,0.00000000,1.00000000,0.00000000,1.00000000,0.800000,0.100000,0.100000,LONG,6.000000,12.000000,72.000000,6.000000,12.000000,72.000000,LONG,1,6.000000,12.000000,6.000000,12.000000,72,1,,0.371667,6,0.011333,1.50991948,2.32403145,adaptive_quantile,1,2,0.2.0,1.0,0.1.2,0.1.0q,0.1.0,0.1.0,0.1.0,0.1,,,,0,0,1,1,0,triple_sigma_pack_long_step16,triple_sigma_pack_long_step16,0,0,0,INIT,2.0
2025.04.04 14:50,US100,PERIOD_M5,Bid,17805.97000000,17855.22000000,17801.22000000,17853.09000000,140.00,87.40142857,42.153530,0.00489559,5,0,1,1,0.00264281,0.00000672,-0.00130145,0.61783886,0.53912163,0.92111111,-0.92579031,-3.07414103,-0.09745161,-0.20206779,0.42153531,0.01601804,-0.84339142,-0.53729963,0.00000000,0.00000000,0.00000000,0.00000000,0.00000000,1.00000000,0.00000000,1.00000000,0.800000,0.100000,0.100000,LONG,6.000000,12.000000,72.000000,6.000000,12.000000,72.000000,LONG,1,6.000000,12.000000,6.000000,12.000000,72,1,,0.371667,6,0.011333,0.92579029,2.32403145,adaptive_quantile,1,3,0.2.0,1.0,0.1.2,0.1.0q,0.1.0,0.1.0,0.1.0,0.1,,,,0,0,1,1,0,triple_sigma_pack_long_step16,triple_sigma_pack_long_step16,0,0,0,INIT,2.0
2025.04.04 14:55,US100,PERIOD_M5,Bid,17852.97000000,17969.72000000,17848.97000000,17950.97000000,140.00,91.02642857,38.288317,0.00507084,5,0,0,0,0.00546755,0.01118991,0.00241951,1.32653785,1.07661045,0.68944097,0.16862059,-1.80284023,0.01774953,-0.05213078,0.38288316,0.01538015,-0.84506190,-0.53466845,0.00000000,0.00000000,0.00000000,0.00000000,0.00000000,1.00000000,0.00000000,0.00000000,0.800000,0.100000,0.100000,LONG,6.000000,12.000000,72.000000,6.000000,12.000000,72.000000,LONG,0,6.000000,12.000000,6.000000,12.000000,72,1,,0.371667,6,0.011333,0.16862058,2.32403145,adaptive_quantile,1,4,0.2.0,1.0,0.1.2,0.1.0q,0.1.0,0.1.0,0.1.0,0.1,,,,0,0,1,1,0,triple_sigma_pack_long_step16,triple_sigma_pack_long_step16,0,0,0,INIT,2.0
2025.04.04 15:00,US100,PERIOD_M5,Bid,17950.97000000,17974.22000000,17902.72000000,17918.09000000,140.00,87.07142857,35.180677,0.00485941,5,0,1,1,-0.00183334,0.00627702,-0.00248044,0.82116491,-0.37762100,-0.57006991,-0.18216589,-2.17363095,-0.01917536,-0.09305526,0.35180676,0.01607875,-0.84672421,-0.53203207,0.00000000,0.00000000,0.00000000,0.00000000,0.00000000,1.00000000,0.00000000,1.00000000,0.800000,0.100000,0.100000,LONG,6.000000,12.000000,72.000000,6.000000,12.000000,72.000000,LONG,1,6.000000,12.000000,6.000000,12.000000,72,1,,0.371667,6,0.011333,0.18216590,2.32403145,adaptive_quantile,1,5,0.2.0,1.0,0.1.2,0.1.0q,0.1.0,0.1.0,0.1.0,0.1,,,,0,0,1,1,0,triple_sigma_pack_long_step16,triple_sigma_pack_long_step16,0,0,0,INIT,2.0
2025.04.04 15:05,US100,PERIOD_M5,Bid,17918.09000000,17941.47000000,17854.09000000,17866.97000000,140.00,87.88428571,31.189171,0.00491881,5,0,1,1,-0.00285706,0.00077715,-0.00234069,0.99426192,-0.58167398,-0.70519572,-0.68956876,-2.62793803,-0.07258619,-0.15419832,0.31189170,0.01593004,-0.84837824,-0.52939057,0.00000000,0.00000000,0.00000000,0.00000000,0.00000000,1.00000000,0.00000000,1.00000000,0.800000,0.100000,0.100000,LONG,6.000000,12.000000,72.000000,6.000000,12.000000,72.000000,LONG,1,6.000000,12.000000,6.000000,12.000000,72,1,,0.371667,6,0.011333,0.68956878,2.32403145,adaptive_quantile,1,6,0.2.0,1.0,0.1.2,0.1.0q,0.1.0,0.1.0,0.1.0,0.1,,,,0,0,1,1,0,triple_sigma_pack_long_step16,triple_sigma_pack_long_step16,0,0,0,INIT,2.0
2025.04.04 15:10,US100,PERIOD_M5,Bid,17866.97000000,17965.34000000,17853.59000000,17959.59000000,140.00,91.50000000,27.345488,0.00509477,3,0,0,0,0.00517048,0.00048008,0.00375825,1.22131145,1.01224041,0.89709175,0.31659487,-1.45256352,0.03332578,-0.02002239,0.27345487,0.01530055,-0.85002404,-0.52674389,0.00000000,0.00000000,0.00000000,1.00000000,0.00000000,0.00000000,0.00000000,0.00000000,0.800000,0.100000,0.100000,LONG,6.000000,12.000000,72.000000,6.000000,12.000000,72.000000,LONG,0,6.000000,12.000000,6.000000,12.000000,72,1,,0.371667,6,0.011333,0.31659488,2.32403145,adaptive_quantile,1,7,0.2.0,1.0,0.1.2,0.1.0q,0.1.0,0.1.0,0.1.0,0.1,,,,0,0,1,1,0,triple_sigma_pack_long_step16,triple_sigma_pack_long_step16,0,0,0,INIT,2.0
2025.04.04 15:15,US100,PERIOD_M5,Bid,17959.59000000,18013.97000000,17934.72000000,17944.97000000,140.00,89.73214286,26.530212,0.00500041,3,0,0,0,-0.00081438,0.00149904,0.00316746,0.88318408,-0.16292936,-0.74132490,0.14467408,-1.57963562,0.01522885,-0.03901300,0.26530212,0.01560199,-0.85166162,-0.52409208,0.00000000,0.00000000,0.00000000,1.00000000,0.00000000,0.00000000,0.00000000,0.00000000,0.800000,0.100000,0.100000,LONG,6.000000,12.000000,72.000000,6.000000,12.000000,72.000000,LONG,0,6.000000,12.000000,6.000000,12.000000,72,1,,0.371667,6,0.011333,0.14467407,2.32403145,adaptive_quantile,1,8,0.2.0,1.0,0.1.2,0.1.0q,0.1.0,0.1.0,0.1.0,0.1,,,,0,0,1,1,0,triple_sigma_pack_long_step16,triple_sigma_pack_long_step16,0,0,0,INIT,2.0
2025.04.04 15:20,US100,PERIOD_M5,Bid,17944.97000000,17966.34000000,17895.97000000,17900.59000000,140.00,90.74928571,23.128411,0.00506963,3,0,1,1,-0.00247618,0.00187992,0.00240505,0.77543312,-0.48903966,-0.86869407,-0.31303599,-1.97054017,-0.03295116,-0.09626473,0.23128411,0.01542712,-0.85329086,-0.52143520,0.00000000,0.00000000,0.00000000,1.00000000,0.00000000,0.00000000,0.00000000,1.00000000,0.800000,0.100000,0.100000,LONG,6.000000,12.000000,72.000000,6.000000,12.000000,72.000000,LONG,1,6.000000,12.000000,6.000000,12.000000,72,1,,0.371667,6,0.011333,0.31303598,2.32403145,adaptive_quantile,1,9,0.2.0,1.0,0.1.2,0.1.0q,0.1.0,0.1.0,0.1.0,0.1,,,,0,0,1,1,0,triple_sigma_pack_long_step16,triple_sigma_pack_long_step16,0,0,0,INIT,2.0
2025.04.04 15:25,US100,PERIOD_M5,Bid,17900.59000000,17980.79000000,17900.34000000,17975.29000000,500.00,93.51357143,20.959505,0.00520234,3,0,0,0,0.00416436,0.00087380,0.01400278,0.86030293,0.79881454,0.86326909,0.44788608,-1.06981015,0.04714590,0.01058370,0.20959505,0.05346818,-0.85491186,-0.51877326,0.00000000,0.00000000,0.00000000,1.00000000,0.00000000,0.00000000,0.00000000,0.00000000,0.800000,0.100000,0.100000,LONG,6.000000,12.000000,72.000000,6.000000,12.000000,72.000000,LONG,0,6.000000,12.000000,6.000000,12.000000,72,1,,0.371667,6,0.011333,0.44788608,2.32403145,adaptive_quantile,1,10,0.2.0,1.0,0.1.2,0.1.0q,0.1.0,0.1.0,0.1.0,0.1,,,,0,0,1,1,0,triple_sigma_pack_long_step16,triple_sigma_pack_long_step16,0,0,0,INIT,2.0
2025.04.04 15:30,US100,PERIOD_M5,Bid,17975.29000000,18059.29000000,17925.04000000,18035.54000000,575.00,99.46857143,21.334242,0.00551514,3,0,0,0,0.00334622,0.00503440,0.01515118,1.34967256,0.60571897,0.64618248,0.92900133,-0.38435569,0.09778962,0.08780901,0.21334241,0.05780720,-0.85652453,-0.51610625,0.00000000,0.00000000,0.00000000,1.00000000,0.00000000,0.00000000,0.00000000,0.00000000,0.800000,0.100000,0.100000,LONG,6.000000,12.000000,72.000000,6.000000,12.000000,72.000000,LONG,0,6.000000,12.000000,6.000000,12.000000,72,1,,0.371667,6,0.011333,0.92900131,2.32403145,adaptive_quantile,1,11,0.2.0,1.0,0.1.2,0.1.0q,0.1.0,0.1.0,0.1.0,0.1,,TP_RESHAPE,,0,0,1,1,0,triple_sigma_pack_long_step16,triple_sigma_pack_long_step16,0,0,0,INIT,2.0
2025.04.04 15:35,US100,PERIOD_M5,Bid,18035.54000000,18057.29000000,17879.04000000,17910.72000000,140.00,100.74571429,20.262489,0.00562488,3,0,1,1,-0.00694484,0.00056574,0.00322954,1.76930606,-1.23896086,-0.64454418,-0.29109487,-1.55497575,-0.03064157,-0.07352506,0.20262489,0.01389637,-0.85812891,-0.51343429,0.00000000,0.00000000,0.00000000,1.00000000,0.00000000,0.00000000,0.00000000,1.00000000,0.800000,0.100000,0.100000,LONG,6.000000,12.000000,72.000000,6.000000,12.000000,72.000000,LONG,1,6.000000,12.000000,6.000000,12.000000,72,1,,0.371667,6,0.011333,0.29109486,2.32403145,adaptive_quantile,1,12,0.2.0,1.0,0.1.2,0.1.0q,0.1.0,0.1.0,0.1.0,0.1,,,TP_RESHAPE,1,0,1,1,0,triple_sigma_pack_long_step16,triple_sigma_pack_long_step16,0,0,0,INIT,2.0
2025.04.04 15:40,US100,PERIOD_M5,Bid,17910.09000000,18022.47000000,17888.97000000,18022.47000000,140.00,101.69214286,19.333636,0.00564252,1,0,0,0,0.00621990,0.00262128,0.01516507,1.31278574,1.10510015,1.00000000,0.73332697,-0.42428133,0.07719231,0.06077904,0.19333635,0.01376704,-0.85972494,-0.51075727,0.00000000,1.00000000,0.00000000,0.00000000,0.00000000,0.00000000,0.00000000,0.00000000,0.800000,0.100000,0.100000,LONG,6.000000,12.000000,72.000000,6.000000,12.000000,72.000000,LONG,0,6.000000,12.000000,6.000000,12.000000,72,1,,0.371667,6,0.011333,0.73332695,2.32403145,adaptive_quantile,1,13,0.2.0,1.0,0.1.2,0.1.0q,0.1.0,0.1.0,0.1.0,0.1,,,TP_RESHAPE,1,0,1,1,0,triple_sigma_pack_long_step16,triple_sigma_pack_long_step16,0,0,0,INIT,2.0
2025.04.04 15:45,US100,PERIOD_M5,Bid,18022.47000000,18035.34000000,17959.47000000,18032.72000000,140.00,99.64714286,19.325744,0.00552591,1,0,0,0,0.00056857,-0.00015637,0.01265409,0.76138663,0.10286296,0.93093449,0.77016914,-0.31717953,0.08107043,0.07224397,0.19325744,0.01404957,-0.86131263,-0.50807536,0.00000000,1.00000000,0.00000000,0.00000000,0.00000000,0.00000000,0.00000000,0.00000000,0.800000,0.100000,0.100000,LONG,6.000000,12.000000,72.000000,6.000000,12.000000,72.000000,LONG,0,6.000000,12.000000,6.000000,12.000000,72,1,,0.371667,6,0.011333,0.77016911,2.32403145,adaptive_quantile,1,14,0.2.0,1.0,0.1.2,0.1.0q,0.1.0,0.1.0,0.1.0,0.1,,,TP_RESHAPE,1,0,1,1,0,triple_sigma_pack_long_step16,triple_sigma_pack_long_step16,0,0,0,INIT,2.0
2025.04.04 15:50,US100,PERIOD_M5,Bid,18031.59000000,18055.34000000,17978.09000000,18018.84000000,140.00,97.56714286,20.484351,0.00541473,3,0,0,0,-0.00077001,0.00601846,0.00924127,0.79176247,-0.13067923,0.05501618,0.58296257,-0.44791993,0.06136448,0.05349037,0.20484352,0.01434909,-0.86289191,-0.50538844,0.00000000,0.00000000,0.00000000,1.00000000,0.00000000,0.00000000,0.00000000,0.00000000,0.800000,0.100000,0.100000,LONG,6.000000,12.000000,72.000000,6.000000,12.000000,72.000000,LONG,0,6.000000,12.000000,6.000000,12.000000,72,1,,0.371667,6,0.011333,0.58296259,2.32403145,adaptive_quantile,1,15,0.2.0,1.0,0.1.2,0.1.0q,0.1.0,0.1.0,0.1.0,0.1,,,TP_RESHAPE,1,0,1,1,0,triple_sigma_pack_long_step16,triple_sigma_pack_long_step16,0,0,0,INIT,2.0
2025.04.04 15:55,US100,PERIOD_M5,Bid,18018.59000000,18041.59000000,17991.34000000,18032.47000000,140.00,94.63000000,21.488478,0.00524776,3,0,0,0,0.00075614,0.00055471,0.00452987,0.53101552,0.14667653,0.63701493,0.67413026,-0.30532563,0.07096108,0.07067926,0.21488477,0.01479446,-0.86446285,-0.50269669,0.00000000,0.00000000,0.00000000,1.00000000,0.00000000,0.00000000,0.00000000,0.00000000,0.800000,0.100000,0.100000,LONG,6.000000,12.000000,72.000000,6.000000,12.000000,72.000000,LONG,0,6.000000,12.000000,6.000000,12.000000,72,1,,0.371667,6,0.011333,0.67413027,2.32403145,adaptive_quantile,1,16,0.2.0,1.0,0.1.2,0.1.0q,0.1.0,0.1.0,0.1.0,0.1,,,TP_RESHAPE,1,0,1,1,0,triple_sigma_pack_long_step16,triple_sigma_pack_long_step16,0,0,0,INIT,2.0
2025.04.04 16:00,US100,PERIOD_M5,Bid,18032.72000000,18091.47000000,18030.34000000,18075.09000000,140.00,95.13928571,25.357143,0.00526356,3,0,0,0,0.00236073,0.00234686,0.00872393,0.64253163,0.44534704,0.46409291,1.01197290,0.13862540,0.10652346,0.12423579,0.25357142,0.01471527,-0.86602539,-0.50000000,0.00000000,0.00000000,0.00000000,1.00000000,0.00000000,0.00000000,0.00000000,0.00000000,0.800000,0.100000,0.100000,LONG,6.000000,12.000000,72.000000,6.000000,12.000000,72.000000,LONG,0,6.000000,12.000000,6.000000,12.000000,72,1,,0.371667,6,0.011333,1.01197292,2.32403145,adaptive_quantile,1,17,0.2.0,1.0,0.1.2,0.1.0q,0.1.0,0.1.0,0.1.0,0.1,,,TP_RESHAPE,1,0,1,1,0,triple_sigma_pack_long_step16,triple_sigma_pack_long_step16,0,0,0,INIT,2.0
2025.04.04 16:05,US100,PERIOD_M5,Bid,18074.84000000,18095.59000000,18040.47000000,18053.72000000,140.00,90.45142857,28.920938,0.00501013,3,0,0,0,-0.00118299,0.00193388,0.01039800,0.60938781,-0.23349549,-0.51923078,0.74928886,-0.08690238,0.07887252,0.09030677,0.28920937,0.01547792,-0.86757952,-0.49729848,0.00000000,0.00000000,0.00000000,1.00000000,0.00000000,0.00000000,0.00000000,0.00000000,0.800000,0.100000,0.100000,LONG,6.000000,12.000000,72.000000,6.000000,12.000000,72.000000,LONG,0,6.000000,12.000000,6.000000,12.000000,72,1,,0.371667,6,0.011333,0.74928888,2.32403145,adaptive_quantile,1,18,0.2.0,1.0,0.1.2,0.1.0q,0.1.0,0.1.0,0.1.0,0.1,,,TP_RESHAPE,1,0,1,1,0,triple_sigma_pack_long_step16,triple_sigma_pack_long_step16,0,0,0,INIT,2.0
2025.04.04 16:10,US100,PERIOD_M5,Bid,18054.22000000,18061.97000000,18010.09000000,18012.72000000,140.00,89.05000000,27.463776,0.00494373,3,0,0,0,-0.00227358,-0.00109585,0.00295394,0.58259404,-0.46603033,-0.89861220,0.27203056,-0.52716845,0.02863480,0.02631023,0.27463776,0.01572151,-0.86912525,-0.49459210,0.00000000,0.00000000,0.00000000,1.00000000,0.00000000,0.00000000,0.00000000,0.00000000,0.800000,0.100000,0.100000,LONG,6.000000,12.000000,72.000000,6.000000,12.000000,72.000000,LONG,0,6.000000,12.000000,6.000000,12.000000,72,1,,0.371667,6,0.011333,0.27203055,2.32403145,adaptive_quantile,1,19,0.2.0,1.0,0.1.2,0.1.0q,0.1.0,0.1.0,0.1.0,0.1,,,TP_RESHAPE,1,0,1,1,0,triple_sigma_pack_long_step16,triple_sigma_pack_long_step16,0,0,0,INIT,2.0
2025.04.04 16:15,US100,PERIOD_M5,Bid,18012.72000000,18026.84000000,17974.97000000,18010.34000000,140.00,86.51357143,25.024890,0.00480355,3,0,0,0,-0.00013214,-0.00358871,0.00363618,0.59955913,-0.02751013,0.36379409,0.22844866,-0.54777604,0.02404723,0.02255813,0.25024891,0.01618243,-0.87066245,-0.49188095,0.00000000,0.00000000,0.00000000,1.00000000,0.00000000,0.00000000,0.00000000,0.00000000,0.800000,0.100000,0.100000,LONG,6.000000,12.000000,72.000000,6.000000,12.000000,72.000000,LONG,0,6.000000,12.000000,6.000000,12.000000,72,1,,0.371667,6,0.011333,0.22844866,2.32403145,adaptive_quantile,1,20,0.2.0,1.0,0.1.2,0.1.0q,0.1.0,0.1.0,0.1.0,0.1,,,TP_RESHAPE,1,0,1,1,0,triple_sigma_pack_long_step16,triple_sigma_pack_long_step16,0,0,0,INIT,2.0
2025.04.04 16:20,US100,PERIOD_M5,Bid,18010.47000000,18028.47000000,17969.97000000,18002.72000000,140.00,82.71000000,23.304109,0.00459431,3,0,0,0,-0.00042318,-0.00282890,0.00568918,0.70729053,-0.09370089,0.11965812,0.13284181,-0.63901347,0.01398335,0.00982881,0.23304109,0.01692661,-0.87219125,-0.48916501,0.00000000,0.00000000,0.00000000,1.00000000,0.00000000,0.00000000,0.00000000,0.00000000,0.800000,0.100000,0.100000,LONG,6.000000,12.000000,72.000000,6.000000,12.000000,72.000000,LONG,0,6.000000,12.000000,6.000000,12.000000,72,1,,0.371667,6,0.011333,0.13284181,2.32403145,adaptive_quantile,1,21,0.2.0,1.0,0.1.2,0.1.0q,0.1.0,0.1.0,0.1.0,0.1,,,TP_RESHAPE,1,0,1,1,0,triple_sigma_pack_long_step16,triple_sigma_pack_long_step16,0,0,0,INIT,2.0
2025.04.04 16:25,US100,PERIOD_M5,Bid,18002.84000000,18018.34000000,17946.72000000,17973.84000000,140.00,82.16500000,23.271456,0.00457137,3,0,0,0,-0.00160549,-0.00216081,-0.00008067,0.87166071,-0.35294834,-0.24266964,-0.19702539,-0.95573050,-0.02073951,-0.03899910,0.23271456,0.01703889,-0.87371159,-0.48644429,0.00000000,0.00000000,0.00000000,1.00000000,0.00000000,0.00000000,0.00000000,0.00000000,0.800000,0.100000,0.100000,LONG,6.000000,12.000000,72.000000,6.000000,12.000000,72.000000,LONG,0,6.000000,12.000000,6.000000,12.000000,72,1,,0.371667,6,0.011333,0.19702539,2.32403145,adaptive_quantile,1,22,0.2.0,1.0,0.1.2,0.1.0q,0.1.0,0.1.0,0.1.0,0.1,,,TP_RESHAPE,1,0,1,1,0,triple_sigma_pack_long_step16,triple_sigma_pack_long_step16,0,0,0,INIT,2.0
2025.04.04 16:30,US100,PERIOD_M5,Bid,17974.72000000,18070.59000000,17920.19000000,17984.69000000,120.00,87.88142857,21.057005,0.00488646,3,0,0,0,0.00060347,-0.00142520,-0.00282342,1.71139681,0.11344831,-0.14228724,-0.05496217,-0.73990119,-0.00578549,-0.01906307,0.21057005,0.01365476,-0.87522340,-0.48371890,0.00000000,0.00000000,0.00000000,1.00000000,0.00000000,0.00000000,0.00000000,0.00000000,0.800000,0.100000,0.100000,LONG,6.000000,12.000000,72.000000,6.000000,12.000000,72.000000,LONG,0,6.000000,12.000000,6.000000,12.000000,72,1,,0.371667,6,0.011333,0.05496217,2.32403145,adaptive_quantile,1,23,0.2.0,1.0,0.1.2,0.1.0q,0.1.0,0.1.0,0.1.0,0.1,,,TP_RESHAPE,1,0,1,1,0,triple_sigma_pack_long_step16,triple_sigma_pack_long_step16,0,0,0,INIT,2.0
2025.04.04 16:35,US100,PERIOD_M5,Bid,17986.19000000,18001.94000000,17880.69000000,17925.32000000,120.00,90.79571429,20.705853,0.00506522,3,0,1,1,-0.00330660,-0.00430862,0.00081482,1.33541548,-0.67040610,-0.26383504,-0.63974226,-1.31631100,-0.06734129,-0.11871009,0.20705853,0.01321648,-0.87672675,-0.48098877,0.00000000,0.00000000,0.00000000,1.00000000,0.00000000,0.00000000,0.00000000,1.00000000,0.800000,0.100000,0.100000,LONG,6.000000,12.000000,72.000000,6.000000,12.000000,72.000000,LONG,1,6.000000,12.000000,6.000000,12.000000,72,1,,0.371667,6,0.011333,0.63974224,2.32403145,adaptive_quantile,1,24,0.2.0,1.0,0.1.2,0.1.0q,0.1.0,0.1.0,0.1.0,0.1,,,TP_RESHAPE,1,0,1,1,0,triple_sigma_pack_long_step16,triple_sigma_pack_long_step16,0,0,0,INIT,2.0
2025.04.04 16:40,US100,PERIOD_M5,Bid,17925.19000000,17926.32000000,17831.69000000,17850.07000000,120.00,87.96571429,22.443175,0.00492803,3,0,1,1,-0.00420681,-0.00690994,-0.00961188,1.07576001,-0.85396910,-0.61153966,-1.37141156,-2.12727809,-0.14435911,-0.22602807,0.22443175,0.01364168,-0.87822157,-0.47825399,0.00000000,0.00000000,0.00000000,1.00000000,0.00000000,0.00000000,0.00000000,1.00000000,0.800000,0.100000,0.100000,LONG,6.000000,12.000000,72.000000,6.000000,12.000000,72.000000,LONG,1,6.000000,12.000000,6.000000,12.000000,72,1,,0.371667,6,0.011333,1.37141160,2.32403145,adaptive_quantile,1,25,0.2.0,1.0,0.1.2,0.1.0q,0.1.0,0.1.0,0.1.0,0.1,,,TP_RESHAPE,1,0,1,1,0,triple_sigma_pack_long_step16,triple_sigma_pack_long_step16,0,0,0,INIT,2.0
2025.04.04 16:45,US100,PERIOD_M5,Bid,17852.44000000,17993.19000000,17828.82000000,17925.82000000,120.00,86.97428571,21.355829,0.00485190,3,0,1,1,0.00423470,-0.00327871,-0.00594575,1.88986897,0.84369767,0.18026404,-0.46694526,-1.23036122,-0.04915213,-0.08305185,0.21355830,0.01379718,-0.87970787,-0.47551453,0.00000000,0.00000000,0.00000000,1.00000000,0.00000000,0.00000000,0.00000000,1.00000000,0.800000,0.100000,0.100000,LONG,6.000000,12.000000,72.000000,6.000000,12.000000,72.000000,LONG,1,6.000000,12.000000,6.000000,12.000000,72,1,,0.371667,6,0.011333,0.46694525,2.32403145,adaptive_quantile,1,26,0.2.0,1.0,0.1.2,0.1.0q,0.1.0,0.1.0,0.1.0,0.1,,,TP_RESHAPE,1,0,1,1,0,triple_sigma_pack_long_step16,triple_sigma_pack_long_step16,0,0,0,INIT,2.0
2025.04.04 16:50,US100,PERIOD_M5,Bid,17926.44000000,18018.07000000,17915.44000000,17925.32000000,120.00,84.76928571,19.028339,0.00472902,1,0,0,0,-0.00002789,0.00000000,-0.00520364,1.21069789,-0.01321233,-0.80746371,-0.43880019,-1.21852767,-0.04618949,-0.08381134,0.19028339,0.01415607,-0.88118559,-0.47277048,0.00000000,1.00000000,0.00000000,0.00000000,0.00000000,0.00000000,0.00000000,0.00000000,0.800000,0.100000,0.100000,LONG,6.000000,12.000000,72.000000,6.000000,12.000000,72.000000,LONG,0,6.000000,12.000000,6.000000,12.000000,72,1,,0.371667,6,0.011333,0.43880019,2.32403145,adaptive_quantile,1,27,0.2.0,1.0,0.1.2,0.1.0q,0.1.0,0.1.0,0.1.0,0.1,,,TP_RESHAPE,1,0,1,1,0,triple_sigma_pack_long_step16,triple_sigma_pack_long_step16,0,0,0,INIT,2.0
2025.04.04 16:55,US100,PERIOD_M5,Bid,17924.19000000,18056.19000000,17890.57000000,18018.19000000,120.00,91.18000000,17.225823,0.00506044,1,0,0,0,0.00516756,0.00937437,-0.00079222,1.81640708,1.03092778,0.54111820,0.55243486,-0.10983708,0.05815104,0.07023120,0.17225823,0.01316078,-0.88265479,-0.47002184,0.00000000,1.00000000,0.00000000,0.00000000,0.00000000,0.00000000,0.00000000,0.00000000,0.800000,0.100000,0.100000,LONG,6.000000,12.000000,72.000000,6.000000,12.000000,72.000000,LONG,0,6.000000,12.000000,6.000000,12.000000,72,1,,0.371667,6,0.011333,0.55243485,2.32403145,adaptive_quantile,1,28,0.2.0,1.0,0.1.2,0.1.0q,0.1.0,0.1.0,0.1.0,0.1,,,TP_RESHAPE,1,0,1,1,0,triple_sigma_pack_long_step16,triple_sigma_pack_long_step16,0,0,0,INIT,2.0
2025.04.04 17:00,US100,PERIOD_M5,Bid,18018.19000000,18021.69000000,17943.94000000,17971.07000000,120.00,91.21571429,15.663642,0.00507570,1,0,0,0,-0.00261856,0.00252111,-0.00577150,0.85237509,-0.51657766,-0.30212218,0.03224652,-0.60180813,0.00339437,-0.00689414,0.15663643,0.01315563,-0.88411540,-0.46726862,0.00000000,1.00000000,0.00000000,0.00000000,0.00000000,0.00000000,0.00000000,0.00000000,0.800000,0.100000,0.100000,LONG,6.000000,12.000000,72.000000,6.000000,12.000000,72.000000,LONG,0,6.000000,12.000000,6.000000,12.000000,72,1,,0.371667,6,0.011333,0.03224652,2.32403145,adaptive_quantile,1,29,0.2.0,1.0,0.1.2,0.1.0q,0.1.0,0.1.0,0.1.0,0.1,,,TP_RESHAPE,1,0,1,1,0,triple_sigma_pack_long_step16,triple_sigma_pack_long_step16,0,0,0,INIT,2.0
2025.04.04 17:05,US100,PERIOD_M5,Bid,17972.19000000,18000.07000000,17865.07000000,17869.94000000,120.00,97.26928571,16.136997,0.00544318,1,0,0,0,-0.00564327,-0.00309427,-0.01023179,1.38789952,-1.05120540,-0.92785186,-0.91331309,-1.54114175,-0.09613822,-0.14869085,0.16136996,0.01233688,-0.88556743,-0.46451089,0.00000000,1.00000000,0.00000000,0.00000000,0.00000000,0.00000000,0.00000000,0.00000000,0.800000,0.100000,0.100000,LONG,6.000000,12.000000,72.000000,6.000000,12.000000,72.000000,LONG,0,6.000000,12.000000,6.000000,12.000000,72,1,,0.371667,6,0.011333,0.91331311,2.32403145,adaptive_quantile,1,30,0.2.0,1.0,0.1.2,0.1.0q,0.1.0,0.1.0,0.1.0,0.1,,,TP_RESHAPE,1,0,1,1,0,triple_sigma_pack_long_step16,triple_sigma_pack_long_step16,0,0,0,INIT,2.0
2025.04.04 17:10,US100,PERIOD_M5,Bid,17869.44000000,17875.69000000,17800.32000000,17825.44000000,120.00,98.28642857,19.611490,0.00551383,1,1,0,1,-0.00249332,-0.01075515,-0.01045152,0.76684034,-0.44767118,-0.33342180,-1.22741795,-1.90038443,-0.12920189,-0.20264059,0.19611490,0.01220921,-0.88701081,-0.46174860,0.00000000,1.00000000,0.00000000,0.00000000,0.00000000,0.00000000,1.00000000,0.00000000,0.800000,0.100000,0.100000,LONG,6.000000,12.000000,72.000000,6.000000,12.000000,72.000000,LONG,0,6.000000,12.000000,6.000000,12.000000,72,1,,0.371667,6,0.011333,1.22741791,2.32403145,adaptive_quantile,1,31,0.2.0,1.0,0.1.2,0.1.0q,0.1.0,0.1.0,0.1.0,0.1,,,TP_RESHAPE,1,0,1,1,0,triple_sigma_pack_long_step16,triple_sigma_pack_long_step16,0,0,0,INIT,2.0
2025.04.04 17:15,US100,PERIOD_M5,Bid,17824.82000000,17859.32000000,17766.82000000,17844.44000000,120.00,100.95642857,23.559571,0.00565758,3,0,1,1,0.00106532,-0.00707127,-0.00925406,0.91623688,0.19434126,0.67827028,-0.91087478,-1.59675133,-0.09588155,-0.16858864,0.23559572,0.01188632,-0.88844562,-0.45898187,0.00000000,0.00000000,0.00000000,1.00000000,0.00000000,0.00000000,0.00000000,1.00000000,0.800000,0.100000,0.100000,LONG,6.000000,12.000000,72.000000,6.000000,12.000000,72.000000,LONG,1,6.000000,12.000000,6.000000,12.000000,72,1,,0.371667,6,0.011333,0.91087476,2.32403145,adaptive_quantile,1,32,0.2.0,1.0,0.1.2,0.1.0q,0.1.0,0.1.0,0.1.0,0.1,,,TP_RESHAPE,1,0,1,1,0,triple_sigma_pack_long_step16,triple_sigma_pack_long_step16,0,0,0,INIT,2.0
2025.04.04 17:20,US100,PERIOD_M5,Bid,17842.57000000,17892.07000000,17786.69000000,17802.07000000,120.00,104.77785714,24.843839,0.00588571,3,0,1,1,-0.00237723,-0.00380523,-0.01120812,1.00574684,-0.38653204,-0.70810401,-1.15993452,-1.86670244,-0.12209837,-0.22152343,0.24843839,0.01145280,-0.88987184,-0.45621064,0.00000000,0.00000000,0.00000000,1.00000000,0.00000000,0.00000000,0.00000000,1.00000000,0.800000,0.100000,0.100000,LONG,6.000000,12.000000,72.000000,6.000000,12.000000,72.000000,LONG,1,6.000000,12.000000,6.000000,12.000000,72,1,,0.371667,6,0.011333,1.15993456,2.32403145,adaptive_quantile,1,33,0.2.0,1.0,0.1.2,0.1.0q,0.1.0,0.1.0,0.1.0,0.1,,,TP_RESHAPE,1,0,1,1,0,triple_sigma_pack_long_step16,triple_sigma_pack_long_step16,0,0,0,INIT,2.0
2025.04.04 17:25,US100,PERIOD_M5,Bid,17800.32000000,17822.69000000,17736.07000000,17739.82000000,120.00,107.26000000,27.640670,0.00604628,3,0,1,1,-0.00350291,-0.00481482,-0.01310554,0.80757040,-0.56404996,-0.91341490,-1.55027115,-2.30960059,-0.16318643,-0.29276815,0.27640671,0.01118777,-0.89128935,-0.45343503,0.00000000,0.00000000,0.00000000,1.00000000,0.00000000,0.00000000,0.00000000,1.00000000,0.800000,0.100000,0.100000,LONG,6.000000,12.000000,72.000000,6.000000,12.000000,72.000000,LONG,1,6.000000,12.000000,6.000000,12.000000,72,1,,0.371667,6,0.011333,1.55027112,2.32403145,adaptive_quantile,1,34,0.2.0,1.0,0.1.2,0.1.0q,0.1.0,0.1.0,0.1.0,0.1,,,TP_RESHAPE,1,0,1,1,0,triple_sigma_pack_long_step16,triple_sigma_pack_long_step16,0,0,0,INIT,2.0
2025.04.04 17:30,US100,PERIOD_M5,Bid,17738.32000000,17790.44000000,17699.82000000,17701.32000000,120.00,109.55428571,31.003003,0.00618905,5,0,1,1,-0.00217262,-0.00805276,-0.01588163,0.82716984,-0.33773211,-0.96689475,-1.69120741,-2.51019979,-0.17802183,-0.33340105,0.31003001,0.01095347,-0.89269823,-0.45065498,0.00000000,0.00000000,0.00000000,0.00000000,0.00000000,1.00000000,0.00000000,1.00000000,0.800000,0.100000,0.100000,LONG,6.000000,12.000000,72.000000,6.000000,12.000000,72.000000,LONG,1,6.000000,12.000000,6.000000,12.000000,72,1,,0.371667,6,0.011333,1.69120746,2.32403145,adaptive_quantile,1,35,0.2.0,1.0,0.1.2,0.1.0q,0.1.0,0.1.0,0.1.0,0.1,,,TP_RESHAPE,1,0,1,1,0,triple_sigma_pack_long_step16,triple_sigma_pack_long_step16,0,0,0,INIT,2.0
2025.04.04 17:35,US100,PERIOD_M5,Bid,17700.82000000,17732.94000000,17673.32000000,17719.19000000,120.00,108.69714286,34.814407,0.00613443,5,0,1,1,0.00100902,-0.00466651,-0.01156601,0.54849648,0.16900168,0.53874540,-1.39346170,-2.27282405,-0.14668018,-0.29617658,0.34814405,0.01103985,-0.89409840,-0.44787055,0.00000000,0.00000000,0.00000000,0.00000000,0.00000000,1.00000000,0.00000000,1.00000000,0.800000,0.100000,0.100000,LONG,6.000000,12.000000,72.000000,6.000000,12.000000,72.000000,LONG,1,6.000000,12.000000,6.000000,12.000000,72,1,,0.371667,6,0.011333,1.39346173,2.32403145,adaptive_quantile,1,36,0.2.0,1.0,0.1.2,0.1.0q,0.1.0,0.1.0,0.1.0,0.1,,,TP_RESHAPE,1,0,1,1,0,triple_sigma_pack_long_step16,triple_sigma_pack_long_step16,0,0,0,INIT,2.0
2025.04.04 17:40,US100,PERIOD_M5,Bid,17718.69000000,17728.44000000,17657.32000000,17668.32000000,120.00,103.03428571,38.532308,0.00583158,5,0,1,1,-0.00287503,-0.00403862,-0.01023422,0.69025564,-0.48886639,-0.69066370,-1.77674139,-2.77806902,-0.18702541,-0.35166344,0.38532308,0.01164661,-0.89548993,-0.44508177,0.00000000,0.00000000,0.00000000,0.00000000,0.00000000,1.00000000,0.00000000,1.00000000,0.800000,0.100000,0.100000,LONG,6.000000,12.000000,72.000000,6.000000,12.000000,72.000000,LONG,1,6.000000,12.000000,6.000000,12.000000,72,1,,0.371667,6,0.011333,1.77674138,2.32403145,adaptive_quantile,1,37,0.2.0,1.0,0.1.2,0.1.0q,0.1.0,0.1.0,0.1.0,0.1,,,TP_RESHAPE,1,0,1,1,0,triple_sigma_pack_long_step16,triple_sigma_pack_long_step16,0,0,0,INIT,2.0
2025.04.04 17:45,US100,PERIOD_M5,Bid,17667.07000000,17672.19000000,17537.32000000,17537.32000000,120.00,104.00714286,43.047202,0.00593062,5,0,0,0,-0.00744202,-0.00930803,-0.02191095,1.29673791,-1.24751043,-1.00000000,-2.73206520,-3.85429454,-0.28758582,-0.46798161,0.43047202,0.01153767,-0.89687276,-0.44228870,0.00000000,0.00000000,0.00000000,0.00000000,0.00000000,1.00000000,0.00000000,0.00000000,0.800000,0.100000,0.100000,LONG,6.000000,12.000000,72.000000,6.000000,12.000000,72.000000,LONG,0,6.000000,12.000000,6.000000,12.000000,72,1,,0.371667,6,0.011333,2.73206524,2.32403145,adaptive_quantile,1,38,0.2.0,1.0,0.1.2,0.1.0q,0.1.0,0.1.0,0.1.0,0.1,,,TP_RESHAPE,1,0,1,1,0,triple_sigma_pack_long_step16,triple_sigma_pack_long_step16,0,0,0,INIT,2.0
2025.04.04 17:50,US100,PERIOD_M5,Bid,17538.57000000,17670.69000000,17479.44000000,17634.82000000,120.00,110.90857143,47.300835,0.00628918,5,0,1,1,0.00554417,-0.00477288,-0.01633888,1.72439337,0.86783195,0.62488890,-1.52267492,-2.62808466,-0.16028157,-0.28342283,0.47300833,0.01081972,-0.89824682,-0.43949130,0.00000000,0.00000000,0.00000000,0.00000000,0.00000000,1.00000000,0.00000000,1.00000000,0.800000,0.100000,0.100000,LONG,6.000000,12.000000,72.000000,6.000000,12.000000,72.000000,LONG,1,6.000000,12.000000,6.000000,12.000000,72,1,,0.371667,6,0.011333,1.52267492,2.38341647,adaptive_quantile,1,39,0.2.0,1.0,0.1.2,0.1.0q,0.1.0,0.1.0,0.1.0,0.1,,,TP_RESHAPE,1,0,1,1,0,triple_sigma_pack_long_step16,triple_sigma_pack_long_step16,0,0,0,INIT,2.0
2025.04.04 17:55,US100,PERIOD_M5,Bid,17634.82000000,17728.44000000,17600.19000000,17679.94000000,120.00,108.32857143,47.788602,0.00612720,5,0,1,1,0.00255531,0.00065746,-0.01895114,1.18389821,0.41651061,0.24366471,-1.03362620,-2.18498278,-0.10880276,-0.20774993,0.47788602,0.01107741,-0.89961225,-0.43668965,0.00000000,0.00000000,0.00000000,0.00000000,0.00000000,1.00000000,0.00000000,1.00000000,0.800000,0.100000,0.100000,LONG,6.000000,12.000000,72.000000,6.000000,12.000000,72.000000,LONG,1,6.000000,12.000000,6.000000,12.000000,72,1,,0.371667,6,0.011333,1.03362623,2.38341647,adaptive_quantile,1,40,0.2.0,1.0,0.1.2,0.1.0q,0.1.0,0.1.0,0.1.0,0.1,,,TP_RESHAPE,1,0,1,1,0,triple_sigma_pack_long_step16,triple_sigma_pack_long_step16,0,0,0,INIT,2.0
2025.04.04 18:00,US100,PERIOD_M5,Bid,17678.32000000,17893.07000000,17650.19000000,17870.94000000,120.00,118.34642857,44.339552,0.00662228,5,0,0,0,0.01074527,0.01884475,-0.00558731,2.05227995,1.62759459,0.81777006,0.60417706,-0.37097919,0.06359759,0.04811184,0.44339553,0.01013972,-0.90096885,-0.43388373,0.00000000,0.00000000,0.00000000,0.00000000,0.00000000,1.00000000,0.00000000,0.00000000,0.800000,0.100000,0.100000,LONG,6.000000,12.000000,72.000000,6.000000,12.000000,72.000000,LONG,0,6.000000,12.000000,6.000000,12.000000,72,1,,0.371667,6,0.011333,0.60417708,2.38341647,adaptive_quantile,1,41,0.2.0,1.0,0.1.2,0.1.0q,0.1.0,0.1.0,0.1.0,0.1,,,TP_RESHAPE,1,0,1,1,0,triple_sigma_pack_long_step16,triple_sigma_pack_long_step16,0,0,0,INIT,2.0
2025.04.04 18:05,US100,PERIOD_M5,Bid,17871.19000000,17891.69000000,17744.69000000,17795.07000000,120.00,117.01642857,41.350376,0.00657578,5,0,0,0,-0.00425448,0.00904610,-0.00419852,1.25623381,-0.65050697,-0.31455782,-0.03377149,-0.98342633,-0.00355489,-0.03898087,0.41350377,0.01025497,-0.90231675,-0.43107364,0.00000000,0.00000000,0.00000000,0.00000000,0.00000000,1.00000000,0.00000000,0.00000000,0.800000,0.100000,0.100000,LONG,6.000000,12.000000,72.000000,6.000000,12.000000,72.000000,LONG,0,6.000000,12.000000,6.000000,12.000000,72,1,,0.371667,6,0.011333,0.03377149,2.38341647,adaptive_quantile,1,42,0.2.0,1.0,0.1.2,0.1.0q,0.1.0,0.1.0,0.1.0,0.1,,,TP_RESHAPE,1,0,1,1,0,triple_sigma_pack_long_step16,triple_sigma_pack_long_step16,0,0,0,INIT,2.0
2025.04.04 18:10,US100,PERIOD_M5,Bid,17794.69000000,17948.69000000,17785.57000000,17914.19000000,120.00,123.11428571,36.863840,0.00687245,5,0,0,0,0.00667168,0.01316247,0.00496649,1.32494783,0.97064286,0.57699853,0.84636629,0.03155128,0.08909119,0.08901209,0.36863840,0.00974704,-0.90365589,-0.42825931,0.00000000,0.00000000,0.00000000,0.00000000,0.00000000,1.00000000,0.00000000,0.00000000,0.800000,0.100000,0.100000,LONG,6.000000,12.000000,72.000000,6.000000,12.000000,72.000000,LONG,0,6.000000,12.000000,6.000000,12.000000,72,1,,0.371667,6,0.011333,0.84636630,2.38341647,adaptive_quantile,1,43,0.2.0,1.0,0.1.2,0.1.0q,0.1.0,0.1.0,0.1.0,0.1,,,TP_RESHAPE,1,0,1,1,0,triple_sigma_pack_long_step16,triple_sigma_pack_long_step16,0,0,0,INIT,2.0
2025.04.04 18:15,US100,PERIOD_M5,Bid,17913.19000000,17967.44000000,17867.69000000,17867.69000000,120.00,120.59642857,32.006163,0.00674941,5,0,0,0,-0.00259908,-0.00018188,0.00130208,0.82713890,-0.37729144,-1.00000000,0.43288651,-0.33951575,0.04556700,0.03539098,0.32006162,0.00995054,-0.90498620,-0.42544085,0.00000000,0.00000000,0.00000000,0.00000000,0.00000000,1.00000000,0.00000000,0.00000000,0.800000,0.100000,0.100000,LONG,6.000000,12.000000,72.000000,6.000000,12.000000,72.000000,LONG,0,6.000000,12.000000,6.000000,12.000000,72,1,,0.371667,6,0.011333,0.43288650,2.38341647,adaptive_quantile,1,44,0.2.0,1.0,0.1.2,0.1.0q,0.1.0,0.1.0,0.1.0,0.1,,,TP_RESHAPE,1,0,1,1,0,triple_sigma_pack_long_step16,triple_sigma_pack_long_step16,0,0,0,INIT,2.0
2025.04.04 18:20,US100,PERIOD_M5,Bid,17866.07000000,17951.82000000,17858.32000000,17935.32000000,120.00,121.89142857,28.325472,0.00679617,3,0,0,0,0.00377790,0.00785050,0.00745721,0.76707608,0.56812853,0.64705884,0.88949448,0.21034390,0.09363099,0.10445645,0.28325471,0.00984483,-0.90630782,-0.42261827,0.00000000,0.00000000,0.00000000,1.00000000,0.00000000,0.00000000,0.00000000,0.00000000,0.800000,0.100000,0.100000,LONG,6.000000,12.000000,72.000000,6.000000,12.000000,72.000000,LONG,0,6.000000,12.000000,6.000000,12.000000,72,1,,0.371667,6,0.011333,0.88949445,2.38341647,adaptive_quantile,1,45,0.2.0,1.0,0.1.2,0.1.0q,0.1.0,0.1.0,0.1.0,0.1,,,TP_RESHAPE,1,0,1,1,0,triple_sigma_pack_long_step16,triple_sigma_pack_long_step16,0,0,0,INIT,2.0
2025.04.04 18:25,US100,PERIOD_M5,Bid,17934.44000000,17935.57000000,17754.69000000,17764.07000000,120.00,128.20428571,27.789789,0.00721706,3,0,1,1,-0.00959408,-0.00841526,0.00136605,1.41087329,-1.32889473,-0.89628482,-0.44339085,-1.09123230,-0.04667272,-0.07596006,0.27789789,0.00936006,-0.90762055,-0.41979155,0.00000000,0.00000000,0.00000000,1.00000000,0.00000000,0.00000000,0.00000000,1.00000000,0.800000,0.100000,0.100000,LONG,6.000000,12.000000,72.000000,6.000000,12.000000,72.000000,LONG,1,6.000000,12.000000,6.000000,12.000000,72,1,,0.371667,6,0.011333,0.44339085,2.32403145,adaptive_quantile,1,46,0.2.0,1.0,0.1.2,0.1.0q,0.1.0,0.1.0,0.1.0,0.1,,,TP_RESHAPE,1,0,1,1,0,triple_sigma_pack_long_step16,triple_sigma_pack_long_step16,0,0,0,INIT,2.0
2025.04.04 18:30,US100,PERIOD_M5,Bid,17762.82000000,17823.44000000,17742.32000000,17760.69000000,120.00,126.47142857,27.932143,0.00712086,3,0,1,1,-0.00019029,-0.00600647,0.00334838,0.64140970,-0.01684175,-0.54709071,-0.43083984,-1.08848143,-0.04535156,-0.07915737,0.27932143,0.00948831,-0.90892446,-0.41696078,0.00000000,0.00000000,0.00000000,1.00000000,0.00000000,0.00000000,0.00000000,1.00000000,0.800000,0.100000,0.100000,LONG,6.000000,12.000000,72.000000,6.000000,12.000000,72.000000,LONG,1,6.000000,12.000000,6.000000,12.000000,72,1,,0.371667,6,0.011333,0.43083984,1.93181004,adaptive_quantile,1,47,0.2.0,1.0,0.1.2,0.1.0q,0.1.0,0.1.0,0.1.0,0.1,,,TP_RESHAPE,1,0,1,1,0,triple_sigma_pack_long_step16,triple_sigma_pack_long_step16,0,0,0,INIT,2.0
2025.04.04 18:35,US100,PERIOD_M5,Bid,17759.07000000,17780.32000000,17668.19000000,17692.07000000,120.00,128.29357143,30.248320,0.00725147,5,0,1,1,-0.00387107,-0.01365544,-0.00153172,0.87401104,-0.52223974,-0.57406580,-0.86819839,-1.54483438,-0.09138931,-0.14392024,0.30248320,0.00935355,-0.91021961,-0.41412595,0.00000000,0.00000000,0.00000000,0.00000000,0.00000000,1.00000000,0.00000000,1.00000000,0.800000,0.100000,0.100000,LONG,6.000000,12.000000,72.000000,6.000000,12.000000,72.000000,LONG,1,6.000000,12.000000,6.000000,12.000000,72,1,,0.371667,6,0.011333,0.86819838,1.88325898,adaptive_quantile,1,48,0.2.0,1.0,0.1.2,0.1.0q,0.1.0,0.1.0,0.1.0,0.1,,,TP_RESHAPE,1,0,1,1,0,triple_sigma_pack_long_step16,triple_sigma_pack_long_step16,0,0,0,INIT,2.0
2025.04.04 18:40,US100,PERIOD_M5,Bid,17689.57000000,17772.82000000,17681.44000000,17748.44000000,120.00,128.34785714,32.255673,0.00723150,5,0,1,1,0.00318111,-0.00088025,0.00452442,0.71197140,0.45867535,0.46640402,-0.38781181,-1.06165123,-0.04082230,-0.07691567,0.32255673,0.00934959,-0.91150588,-0.41128710,0.00000000,0.00000000,0.00000000,0.00000000,0.00000000,1.00000000,0.00000000,1.00000000,0.800000,0.100000,0.100000,LONG,6.000000,12.000000,72.000000,6.000000,12.000000,72.000000,LONG,1,6.000000,12.000000,6.000000,12.000000,72,1,,0.371667,6,0.011333,0.38781182,1.82131980,adaptive_quantile,1,49,0.2.0,1.0,0.1.2,0.1.0q,0.1.0,0.1.0,0.1.0,0.1,,,TP_RESHAPE,1,0,1,1,0,triple_sigma_pack_long_step16,triple_sigma_pack_long_step16,0,0,0,INIT,2.0
2025.04.04 18:45,US100,PERIOD_M5,Bid,17747.82000000,17841.07000000,17702.69000000,17824.32000000,120.00,133.97357143,30.377676,0.00751634,5,0,0,0,0.00426619,0.00357623,0.01623264,1.03289032,0.57100815,0.75791299,0.17629579,-0.43301669,0.01855745,0.00737111,0.30377677,0.00895699,-0.91278327,-0.40844426,0.00000000,0.00000000,0.00000000,0.00000000,0.00000000,1.00000000,0.00000000,0.00000000,0.800000,0.100000,0.100000,LONG,6.000000,12.000000,72.000000,6.000000,12.000000,72.000000,LONG,0,6.000000,12.000000,6.000000,12.000000,72,1,,0.371667,6,0.011333,0.17629578,1.78595971,adaptive_quantile,1,50,0.2.0,1.0,0.1.2,0.1.0q,0.1.0,0.1.0,0.1.0,0.1,,,TP_RESHAPE,1,0,1,1,0,triple_sigma_pack_long_step16,triple_sigma_pack_long_step16,0,0,0,INIT,2.0
2025.04.04 18:50,US100,PERIOD_M5,Bid,17825.19000000,17842.57000000,17753.44000000,17781.94000000,120.00,135.26000000,28.635086,0.00760659,3,0,0,0,-0.00238048,0.00506682,0.00830798,0.65895313,-0.31975454,-0.36048469,-0.12549357,-0.71311414,-0.01320985,-0.03791944,0.28635085,0.00887180,-0.91405183,-0.40559745,0.00000000,0.00000000,0.00000000,1.00000000,0.00000000,0.00000000,0.00000000,0.00000000,0.800000,0.100000,0.100000,LONG,6.000000,12.000000,72.000000,6.000000,12.000000,72.000000,LONG,0,6.000000,12.000000,6.000000,12.000000,72,1,,0.371667,6,0.011333,0.12549357,1.77674138,adaptive_quantile,1,51,0.2.0,1.0,0.1.2,0.1.0q,0.1.0,0.1.0,0.1.0,0.1,,,TP_RESHAPE,1,0,1,1,0,triple_sigma_pack_long_step16,triple_sigma_pack_long_step16,0,0,0,INIT,2.0
2025.04.04 18:55,US100,PERIOD_M5,Bid,17783.32000000,17819.69000000,17699.44000000,17704.82000000,120.00,134.21571429,29.147775,0.00758074,3,0,1,1,-0.00434642,-0.00246071,0.00140626,0.89594579,-0.58487934,-0.91051978,-0.63429904,-1.24254394,-0.06676833,-0.11582147,0.29147774,0.00894083,-0.91531146,-0.40274668,0.00000000,0.00000000,0.00000000,1.00000000,0.00000000,0.00000000,0.00000000,1.00000000,0.800000,0.100000,0.100000,LONG,6.000000,12.000000,72.000000,6.000000,12.000000,72.000000,LONG,1,6.000000,12.000000,6.000000,12.000000,72,1,,0.371667,6,0.011333,0.63429906,1.69120746,adaptive_quantile,1,52,0.2.0,1.0,0.1.2,0.1.0q,0.1.0,0.1.0,0.1.0,0.1,,,TP_RESHAPE,1,0,1,1,0,triple_sigma_pack_long_step16,triple_sigma_pack_long_step16,0,0,0,INIT,2.0
2025.04.04 19:00,US100,PERIOD_M5,Bid,17704.82000000,17775.32000000,17699.44000000,17728.57000000,120.00,125.97500000,29.592105,0.00710576,3,0,1,1,0.00134054,-0.00538635,-0.00799847,0.60234171,0.18852948,-0.23220874,-0.44085661,-1.09077466,-0.04640596,-0.08664019,0.29592106,0.00952570,-0.91656226,-0.39989203,0.00000000,0.00000000,0.00000000,1.00000000,0.00000000,0.00000000,0.00000000,1.00000000,0.800000,0.100000,0.100000,LONG,6.000000,12.000000,72.000000,6.000000,12.000000,72.000000,LONG,1,6.000000,12.000000,6.000000,12.000000,72,1,,0.371667,6,0.011333,0.44085661,1.66434125,adaptive_quantile,1,53,0.2.0,1.0,0.1.2,0.1.0q,0.1.0,0.1.0,0.1.0,0.1,,,TP_RESHAPE,1,0,1,1,0,triple_sigma_pack_long_step16,triple_sigma_pack_long_step16,0,0,0,INIT,2.0
2025.04.04 19:05,US100,PERIOD_M5,Bid,17728.82000000,17801.82000000,17717.57000000,17723.69000000,120.00,122.83214286,27.396473,0.00693039,3,0,1,1,-0.00027530,-0.00328117,-0.00401929,0.68589538,-0.04176431,-0.85471809,-0.44502130,-1.11298490,-0.04684435,-0.09189535,0.27396473,0.00976943,-0.91780412,-0.39703348,0.00000000,0.00000000,0.00000000,1.00000000,0.00000000,0.00000000,0.00000000,1.00000000,0.800000,0.100000,0.100000,LONG,6.000000,12.000000,72.000000,6.000000,12.000000,72.000000,LONG,1,6.000000,12.000000,6.000000,12.000000,72,1,,0.371667,6,0.011333,0.44502130,1.55027112,adaptive_quantile,1,54,0.2.0,1.0,0.1.2,0.1.0q,0.1.0,0.1.0,0.1.0,0.1,,,TP_RESHAPE,1,0,1,1,0,triple_sigma_pack_long_step16,triple_sigma_pack_long_step16,0,0,0,INIT,2.0
2025.04.04 19:10,US100,PERIOD_M5,Bid,17723.69000000,17786.19000000,17707.07000000,17759.44000000,120.00,111.13500000,26.262757,0.00625780,3,0,1,1,0.00201504,0.00308029,-0.00867593,0.71192694,0.32168084,0.32381192,-0.15397210,-0.87282223,-0.01620759,-0.04448348,0.26262757,0.01079768,-0.91903710,-0.39417106,0.00000000,0.00000000,0.00000000,1.00000000,0.00000000,0.00000000,0.00000000,1.00000000,0.800000,0.100000,0.100000,LONG,6.000000,12.000000,72.000000,6.000000,12.000000,72.000000,LONG,1,6.000000,12.000000,6.000000,12.000000,72,1,,0.371667,6,0.011333,0.15397210,1.52267492,adaptive_quantile,1,55,0.2.0,1.0,0.1.2,0.1.0q,0.1.0,0.1.0,0.1.0,0.1,,,TP_RESHAPE,1,0,1,1,0,triple_sigma_pack_long_step16,triple_sigma_pack_long_step16,0,0,0,INIT,2.0
2025.04.04 19:15,US100,PERIOD_M5,Bid,17760.07000000,17778.82000000,17620.19000000,17628.44000000,120.00,111.96571429,27.878184,0.00635142,3,0,1,1,-0.00740370,-0.00566396,-0.01348055,1.41677296,-1.17562771,-0.89598435,-1.19684684,-1.95649064,-0.12598388,-0.18426096,0.27878183,0.01071757,-0.92026114,-0.39130482,0.00000000,0.00000000,0.00000000,1.00000000,0.00000000,0.00000000,0.00000000,1.00000000,0.800000,0.100000,0.100000,LONG,6.000000,12.000000,72.000000,6.000000,12.000000,72.000000,LONG,1,6.000000,12.000000,6.000000,12.000000,72,1,,0.371667,6,0.011333,1.19684686,1.50991948,adaptive_quantile,1,56,0.2.0,1.0,0.1.2,0.1.0q,0.1.0,0.1.0,0.1.0,0.1,,,TP_RESHAPE,1,0,1,1,0,triple_sigma_pack_long_step16,triple_sigma_pack_long_step16,0,0,0,INIT,2.0
2025.04.04 19:20,US100,PERIOD_M5,Bid,17628.44000000,17638.57000000,17576.69000000,17605.82000000,120.00,104.73428571,31.434342,0.00594884,5,0,1,1,-0.00128398,-0.00667263,-0.01854242,0.59082848,-0.21597512,-0.05850032,-1.35303414,-2.21706033,-0.14242466,-0.20586328,0.31434342,0.01145757,-0.92147619,-0.38843480,0.00000000,0.00000000,0.00000000,0.00000000,0.00000000,1.00000000,0.00000000,1.00000000,0.800000,0.100000,0.100000,LONG,6.000000,12.000000,72.000000,6.000000,12.000000,72.000000,LONG,1,6.000000,12.000000,6.000000,12.000000,72,1,,0.371667,6,0.011333,1.35303419,1.39346173,adaptive_quantile,1,57,0.2.0,1.0,0.1.2,0.1.0q,0.1.0,0.1.0,0.1.0,0.1,,,TP_RESHAPE,1,0,1,1,0,triple_sigma_pack_long_step16,triple_sigma_pack_long_step16,0,0,0,INIT,2.0
2025.04.04 19:25,US100,PERIOD_M5,Bid,17605.69000000,17618.69000000,17559.44000000,17586.82000000,120.00,101.84142857,35.191622,0.00579078,5,0,0,0,-0.00107977,-0.00976745,-0.01002812,0.58178681,-0.18528806,-0.07578059,-1.42774355,-2.36987209,-0.15028879,-0.22444172,0.35191622,0.01178302,-0.92268234,-0.38556099,0.00000000,0.00000000,0.00000000,0.00000000,0.00000000,1.00000000,0.00000000,0.00000000,0.800000,0.100000,0.100000,LONG,6.000000,12.000000,72.000000,6.000000,12.000000,72.000000,LONG,0,6.000000,12.000000,6.000000,12.000000,72,1,,0.371667,6,0.011333,1.42774356,1.38321303,adaptive_quantile,1,58,0.2.0,1.0,0.1.2,0.1.0q,0.1.0,0.1.0,0.1.0,0.1,,,TP_RESHAPE,1,0,1,1,0,triple_sigma_pack_long_step16,triple_sigma_pack_long_step16,0,0,0,INIT,2.0
2025.04.04 19:30,US100,PERIOD_M5,Bid,17586.44000000,17602.44000000,17540.57000000,17541.19000000,120.00,99.58214286,39.087128,0.00567705,5,0,0,0,-0.00259793,-0.00496168,-0.01243576,0.62129611,-0.45439875,-0.97995800,-1.73565042,-2.76883984,-0.18270004,-0.26869005,0.39087129,0.01205035,-0.92387950,-0.38268343,0.00000000,0.00000000,0.00000000,0.00000000,0.00000000,1.00000000,0.00000000,0.00000000,0.800000,0.100000,0.100000,LONG,6.000000,12.000000,72.000000,6.000000,12.000000,72.000000,LONG,0,6.000000,12.000000,6.000000,12.000000,72,1,,0.371667,6,0.011333,1.73565037,1.38321303,adaptive_quantile,1,59,0.2.0,1.0,0.1.2,0.1.0q,0.1.0,0.1.0,0.1.0,0.1,,,TP_RESHAPE,1,0,1,1,0,triple_sigma_pack_long_step16,triple_sigma_pack_long_step16,0,0,0,INIT,2.0
2025.04.04 19:35,US100,PERIOD_M5,Bid,17540.94000000,17651.19000000,17533.32000000,17637.32000000,120.00,95.08142857,39.029506,0.00539092,5,0,1,1,0.00546528,0.00178758,-0.00309940,1.23967421,1.01365745,0.76465595,-0.72994369,-1.81480217,-0.07683618,-0.12328912,0.39029506,0.01262076,-0.92506772,-0.37980217,0.00000000,0.00000000,0.00000000,0.00000000,0.00000000,1.00000000,0.00000000,1.00000000,0.800000,0.100000,0.100000,LONG,6.000000,12.000000,72.000000,6.000000,12.000000,72.000000,LONG,1,6.000000,12.000000,6.000000,12.000000,72,1,,0.371667,6,0.011333,0.72994369,1.38321303,adaptive_quantile,1,60,0.2.0,1.0,0.1.2,0.1.0q,0.1.0,0.1.0,0.1.0,0.1,,,TP_RESHAPE,1,0,1,1,0,triple_sigma_pack_long_step16,triple_sigma_pack_long_step16,0,0,0,INIT,2.0
2025.04.04 19:40,US100,PERIOD_M5,Bid,17636.69000000,17666.94000000,17575.44000000,17579.07000000,120.00,95.82285714,37.686217,0.00545096,5,0,1,1,-0.00330812,-0.00044077,-0.00958863,0.95488697,-0.60131788,-0.92065573,-1.20531321,-2.31419563,-0.12687507,-0.18429431,0.37686217,0.01252311,-0.92624694,-0.37691721,0.00000000,0.00000000,0.00000000,0.00000000,0.00000000,1.00000000,0.00000000,1.00000000,0.800000,0.100000,0.100000,LONG,6.000000,12.000000,72.000000,6.000000,12.000000,72.000000,LONG,1,6.000000,12.000000,6.000000,12.000000,72,1,,0.371667,6,0.011333,1.20531322,1.37141160,adaptive_quantile,1,61,0.2.0,1.0,0.1.2,0.1.0q,0.1.0,0.1.0,0.1.0,0.1,,,TP_RESHAPE,1,0,1,1,0,triple_sigma_pack_long_step16,triple_sigma_pack_long_step16,0,0,0,INIT,2.0
2025.04.04 19:45,US100,PERIOD_M5,Bid,17578.69000000,17590.44000000,17544.44000000,17553.19000000,120.00,91.09928571,38.796819,0.00518990,5,0,0,0,-0.00147329,0.00068387,-0.01532812,0.50494361,-0.27991438,-0.61956519,-1.40409577,-2.61167526,-0.14779955,-0.21057720,0.38796818,0.01317244,-0.92741716,-0.37402856,0.00000000,0.00000000,0.00000000,0.00000000,0.00000000,1.00000000,0.00000000,0.00000000,0.800000,0.100000,0.100000,LONG,6.000000,12.000000,72.000000,6.000000,12.000000,72.000000,LONG,0,6.000000,12.000000,6.000000,12.000000,72,1,,0.371667,6,0.011333,1.40409578,1.35303419,adaptive_quantile,1,62,0.2.0,1.0,0.1.2,0.1.0q,0.1.0,0.1.0,0.1.0,0.1,,,TP_RESHAPE,1,0,1,1,0,triple_sigma_pack_long_step16,triple_sigma_pack_long_step16,0,0,0,INIT,2.0
2025.04.04 19:50,US100,PERIOD_M5,Bid,17553.19000000,17607.07000000,17539.19000000,17574.69000000,120.00,89.42071429,37.977704,0.00508804,5,0,1,1,0.00122410,-0.00355731,-0.01172354,0.75910825,0.24043646,0.04596347,-1.07668161,-2.32535195,-0.11333490,-0.17665777,0.37977704,0.01341971,-0.92857838,-0.37113631,0.00000000,0.00000000,0.00000000,0.00000000,0.00000000,1.00000000,0.00000000,1.00000000,0.800000,0.100000,0.100000,LONG,6.000000,12.000000,72.000000,6.000000,12.000000,72.000000,LONG,1,6.000000,12.000000,6.000000,12.000000,72,1,,0.371667,6,0.011333,1.07668157,1.35303419,adaptive_quantile,1,63,0.2.0,1.0,0.1.2,0.1.0q,0.1.0,0.1.0,0.1.0,0.1,,,TP_RESHAPE,1,0,1,1,0,triple_sigma_pack_long_step16,triple_sigma_pack_long_step16,0,0,0,INIT,2.0
2025.04.04 19:55,US100,PERIOD_M5,Bid,17574.19000000,17615.82000000,17563.07000000,17573.82000000,120.00,83.30428571,36.087669,0.00474025,5,0,1,1,-0.00004950,-0.00029870,-0.00742662,0.63322073,-0.00444155,-0.59241706,-1.05511355,-2.40823388,-0.11106458,-0.17766185,0.36087668,0.01440502,-0.92973059,-0.36824048,0.00000000,0.00000000,0.00000000,0.00000000,0.00000000,1.00000000,0.00000000,1.00000000,0.800000,0.100000,0.100000,LONG,6.000000,12.000000,72.000000,6.000000,12.000000,72.000000,LONG,1,6.000000,12.000000,6.000000,12.000000,72,1,,0.371667,6,0.011333,1.05511353,1.22741791,adaptive_quantile,1,64,0.2.0,1.0,0.1.2,0.1.0q,0.1.0,0.1.0,0.1.0,0.1,,,TP_RESHAPE,1,0,1,1,0,triple_sigma_pack_long_step16,triple_sigma_pack_long_step16,0,0,0,INIT,2.0
2025.04.04 20:00,US100,PERIOD_M5,Bid,17574.57000000,17631.94000000,17552.57000000,17588.82000000,120.00,82.60714286,33.027666,0.00469657,5,0,1,1,0.00085318,0.00202777,-0.00791399,0.96081281,0.17250325,-0.08655664,-0.79839408,-2.15885854,-0.08404148,-0.15158564,0.33027667,0.01452659,-0.93087375,-0.36534104,0.00000000,0.00000000,0.00000000,0.00000000,0.00000000,1.00000000,0.00000000,1.00000000,0.800000,0.100000,0.100000,LONG,6.000000,12.000000,72.000000,6.000000,12.000000,72.000000,LONG,1,6.000000,12.000000,6.000000,12.000000,72,1,,0.371667,6,0.011333,0.79839407,1.20531322,adaptive_quantile,1,65,0.2.0,1.0,0.1.2,0.1.0q,0.1.0,0.1.0,0.1.0,0.1,,,TP_RESHAPE,1,0,1,1,0,triple_sigma_pack_long_step16,triple_sigma_pack_long_step16,0,0,0,INIT,2.0
2025.04.04 20:05,US100,PERIOD_M5,Bid,17588.94000000,17609.69000000,17548.07000000,17560.94000000,120.00,78.41928571,30.775307,0.00446555,5,0,1,1,-0.00158636,-0.00078268,-0.00922505,0.78577608,-0.35705504,-0.58227849,-1.08259809,-2.52654934,-0.11395770,-0.18759240,0.30775306,0.01530236,-0.93200785,-0.36243805,0.00000000,0.00000000,0.00000000,0.00000000,0.00000000,1.00000000,0.00000000,1.00000000,0.800000,0.100000,0.100000,LONG,6.000000,12.000000,72.000000,6.000000,12.000000,72.000000,LONG,1,6.000000,12.000000,6.000000,12.000000,72,1,,0.371667,6,0.011333,1.08259812,1.19684686,adaptive_quantile,1,66,0.2.0,1.0,0.1.2,0.1.0q,0.1.0,0.1.0,0.1.0,0.1,,,TP_RESHAPE,1,0,1,1,0,triple_sigma_pack_long_step16,triple_sigma_pack_long_step16,0,0,0,INIT,2.0
2025.04.04 20:10,US100,PERIOD_M5,Bid,17561.32000000,17565.69000000,17484.19000000,17496.19000000,120.00,78.82071429,32.171076,0.00450502,5,0,0,0,-0.00369397,-0.00442715,-0.01493406,1.03399217,-0.82630563,-0.70552146,-1.71775293,-3.20437551,-0.18081610,-0.26555189,0.32171077,0.01522442,-0.93313295,-0.35953152,0.00000000,0.00000000,0.00000000,0.00000000,0.00000000,1.00000000,0.00000000,0.00000000,0.800000,0.100000,0.100000,LONG,6.000000,12.000000,72.000000,6.000000,12.000000,72.000000,LONG,0,6.000000,12.000000,6.000000,12.000000,72,1,,0.371667,6,0.011333,1.71775298,1.19684686,adaptive_quantile,1,67,0.2.0,1.0,0.1.2,0.1.0q,0.1.0,0.1.0,0.1.0,0.1,,,TP_RESHAPE,1,0,1,1,0,triple_sigma_pack_long_step16,triple_sigma_pack_long_step16,0,0,0,INIT,2.0
2025.04.04 20:15,US100,PERIOD_M5,Bid,17496.57000000,17499.69000000,17442.57000000,17492.07000000,120.00,76.88285714,35.285067,0.00439530,5,0,0,0,-0.00023551,-0.00551584,-0.00776587,0.74294847,-0.05853060,0.73319328,-1.64181495,-3.20780015,-0.17282262,-0.27034980,0.35285068,0.01560816,-0.93424892,-0.35662153,0.00000000,0.00000000,0.00000000,0.00000000,0.00000000,1.00000000,0.00000000,0.00000000,0.800000,0.100000,0.100000,LONG,6.000000,12.000000,72.000000,6.000000,12.000000,72.000000,LONG,0,6.000000,12.000000,6.000000,12.000000,72,1,,0.371667,6,0.011333,1.64181490,1.20531322,adaptive_quantile,1,68,0.2.0,1.0,0.1.2,0.1.0q,0.1.0,0.1.0,0.1.0,0.1,,,TP_RESHAPE,1,0,1,1,0,triple_sigma_pack_long_step16,triple_sigma_pack_long_step16,0,0,0,INIT,2.0
2025.04.04 20:20,US100,PERIOD_M5,Bid,17491.44000000,17536.82000000,17481.94000000,17532.57000000,120.00,75.15142857,33.699216,0.00428639,5,0,1,1,0.00231266,-0.00161682,-0.00416924,0.73025888,0.54729497,0.84511662,-1.03208816,-2.63523293,-0.10864086,-0.18817943,0.33699217,0.01596776,-0.93535584,-0.35370806,0.00000000,0.00000000,0.00000000,0.00000000,0.00000000,1.00000000,0.00000000,1.00000000,0.800000,0.100000,0.100000,LONG,6.000000,12.000000,72.000000,6.000000,12.000000,72.000000,LONG,1,6.000000,12.000000,6.000000,12.000000,72,1,,0.371667,6,0.011333,1.03208822,1.22741791,adaptive_quantile,1,69,0.2.0,1.0,0.1.2,0.1.0q,0.1.0,0.1.0,0.1.0,0.1,,,TP_RESHAPE,1,0,1,1,0,triple_sigma_pack_long_step16,triple_sigma_pack_long_step16,0,0,0,INIT,2.0
2025.04.04 20:25,US100,PERIOD_M5,Bid,17532.32000000,17575.57000000,17531.57000000,17539.44000000,120.00,66.96357143,29.983619,0.00381789,3,0,1,1,0.00039177,0.00246892,-0.00269770,0.65707368,0.10632647,-0.64227271,-0.95514989,-2.74290323,-0.10054209,-0.17430361,0.29983619,0.01792019,-0.93645370,-0.35079116,0.00000000,0.00000000,0.00000000,1.00000000,0.00000000,0.00000000,0.00000000,1.00000000,0.800000,0.100000,0.100000,LONG,6.000000,12.000000,72.000000,6.000000,12.000000,72.000000,LONG,1,6.000000,12.000000,6.000000,12.000000,72,1,,0.371667,6,0.011333,0.95514987,1.22741791,adaptive_quantile,1,70,0.2.0,1.0,0.1.2,0.1.0q,0.1.0,0.1.0,0.1.0,0.1,,,TP_RESHAPE,1,0,1,1,0,triple_sigma_pack_long_step16,triple_sigma_pack_long_step16,0,0,0,INIT,2.0
2025.04.04 20:30,US100,PERIOD_M5,Bid,17538.32000000,17576.69000000,17484.94000000,17548.07000000,120.00,69.09714286,27.130358,0.00393759,3,0,1,1,0.00049191,0.00319634,0.00039214,1.32784069,0.14110570,0.37613079,-0.72449738,-2.43396616,-0.07626288,-0.15603994,0.27130356,0.01736685,-0.93754244,-0.34787086,0.00000000,0.00000000,0.00000000,1.00000000,0.00000000,0.00000000,0.00000000,1.00000000,0.800000,0.100000,0.100000,LONG,6.000000,12.000000,72.000000,6.000000,12.000000,72.000000,LONG,1,6.000000,12.000000,6.000000,12.000000,72,1,,0.371667,6,0.011333,0.72449738,1.22741791,adaptive_quantile,1,71,0.2.0,1.0,0.1.2,0.1.0q,0.1.0,0.1.0,0.1.0,0.1,,,TP_RESHAPE,1,0,1,1,0,triple_sigma_pack_long_step16,triple_sigma_pack_long_step16,0,0,0,INIT,2.0
2025.04.04 20:35,US100,PERIOD_M5,Bid,17547.44000000,17636.82000000,17541.44000000,17617.07000000,120.00,71.67785714,24.730589,0.00406866,3,0,0,0,0.00392435,0.00480802,-0.00114879,1.33067596,0.97142971,0.58586705,0.23906347,-1.32942998,0.02516458,-0.01951154,0.24730588,0.01674157,-0.93862212,-0.34494719,0.00000000,0.00000000,0.00000000,1.00000000,0.00000000,0.00000000,0.00000000,0.00000000,0.800000,0.100000,0.100000,LONG,6.000000,12.000000,72.000000,6.000000,12.000000,72.000000,LONG,0,6.000000,12.000000,6.000000,12.000000,72,1,,0.371667,6,0.011333,0.23906348,1.22741791,adaptive_quantile,1,72,0.2.0,1.0,0.1.2,0.1.0q,0.1.0,0.1.0,0.1.0,0.1,FORCE_EXIT,,TP_RESHAPE,1,0,1,1,0,triple_sigma_pack_long_step16,triple_sigma_pack_long_step16,0,0,0,INIT,2.0
2025.04.04 20:40,US100,PERIOD_M5,Bid,17616.07000000,17651.94000000,17600.32000000,17605.19000000,120.00,70.94571429,23.625297,0.00402982,3,0,0,0,-0.00067457,0.00374169,0.00148476,0.72759855,-0.15335669,-0.81131345,0.06702348,-1.45136201,0.00705510,-0.04052208,0.23625298,0.01691434,-0.93969262,-0.34202015,0.00000000,0.00000000,0.00000000,1.00000000,0.00000000,0.00000000,0.00000000,0.00000000,0.800000,0.100000,0.100000,LONG,6.000000,12.000000,72.000000,6.000000,12.000000,72.000000,LONG,0,0.000000,0.000000,0.000000,0.000000,72,1,,0.371667,6,0.011333,0.06702348,1.22741791,adaptive_quantile,0,0,0.2.0,1.0,0.1.2,0.1.0q,0.1.0,0.1.0,0.1.0,0.1,,,,0,0,0,1,0,triple_sigma_pack_long_step16,,0,0,0,INIT,2.0
2025.04.04 20:45,US100,PERIOD_M5,Bid,17603.94000000,17680.69000000,17587.94000000,17673.94000000,120.00,69.15142857,23.663746,0.00391262,3,0,0,0,0.00389749,0.00714727,0.00685554,1.34125936,1.01227117,0.85444742,0.96172345,-0.47542095,0.10123405,0.08206571,0.23663746,0.01735322,-0.94075400,-0.33908978,0.00000000,0.00000000,0.00000000,1.00000000,0.00000000,0.00000000,0.00000000,0.00000000,0.800000,0.100000,0.100000,LONG,6.000000,12.000000,72.000000,6.000000,12.000000,72.000000,LONG,0,0.000000,0.000000,0.000000,0.000000,72,1,,0.371667,6,0.011333,0.96172344,1.22741791,adaptive_quantile,0,0,0.2.0,1.0,0.1.2,0.1.0q,0.1.0,0.1.0,0.1.0,0.1,,,,0,0,0,1,0,triple_sigma_pack_long_step16,,0,0,0,INIT,2.0
2025.04.04 20:50,US100,PERIOD_M5,Bid,17674.19000000,17678.44000000,17617.82000000,17645.94000000,120.00,66.94571429,23.697068,0.00379383,3,0,0,0,-0.00158551,0.00163741,0.00404593,0.90550977,-0.42198369,-0.07225338,0.52038360,-0.87367421,0.05477722,0.02889913,0.23697068,0.01792497,-0.94180626,-0.33615613,0.00000000,0.00000000,0.00000000,1.00000000,0.00000000,0.00000000,0.00000000,0.00000000,0.800000,0.100000,0.100000,LONG,6.000000,12.000000,72.000000,6.000000,12.000000,72.000000,LONG,0,0.000000,0.000000,0.000000,0.000000,72,1,,0.371667,6,0.011333,0.52038357,1.22741791,adaptive_quantile,0,0,0.2.0,1.0,0.1.2,0.1.0q,0.1.0,0.1.0,0.1.0,0.1,,,,0,0,0,1,0,triple_sigma_pack_long_step16,,0,0,0,INIT,2.0
2025.04.04 20:55,US100,PERIOD_M5,Bid,17645.44000000,17690.19000000,17599.07000000,17688.94000000,120.00,70.16857143,22.515720,0.00396680,3,0,0,0,0.00243386,0.00474584,0.00652929,1.29858708,0.61993569,0.97256362,1.00364530,-0.21207987,0.10564688,0.10188086,0.22515720,0.01710167,-0.94284940,-0.33321923,0.00000000,0.00000000,0.00000000,1.00000000,0.00000000,0.00000000,0.00000000,0.00000000,0.800000,0.100000,0.100000,LONG,6.000000,12.000000,72.000000,6.000000,12.000000,72.000000,LONG,0,0.000000,0.000000,0.000000,0.000000,72,1,,0.371667,6,0.011333,1.00364533,1.22741791,adaptive_quantile,0,0,0.2.0,1.0,0.1.2,0.1.0q,0.1.0,0.1.0,0.1.0,0.1,,,,0,0,0,1,0,triple_sigma_pack_long_step16,,0,0,0,INIT,2.0
2025.04.04 21:00,US100,PERIOD_M5,Bid,17689.94000000,17734.94000000,17687.57000000,17702.19000000,120.00,68.70357143,24.666213,0.00388108,3,0,0,0,0.00074878,0.00159712,0.00642489,0.68948382,0.17830223,-0.38273168,1.10191321,-0.02281347,0.11599086,0.12373420,0.24666214,0.01746634,-0.94388336,-0.33027905,0.00000000,0.00000000,0.00000000,1.00000000,0.00000000,0.00000000,0.00000000,0.00000000,0.800000,0.100000,0.100000,LONG,6.000000,12.000000,72.000000,6.000000,12.000000,72.000000,LONG,0,0.000000,0.000000,0.000000,0.000000,72,1,,0.371667,6,0.011333,1.10191321,1.22741791,adaptive_quantile,0,0,0.2.0,1.0,0.1.2,0.1.0q,0.1.0,0.1.0,0.1.0,0.1,,,,0,0,0,1,0,triple_sigma_pack_long_step16,,0,0,0,INIT,2.0
2025.04.04 21:05,US100,PERIOD_M5,Bid,17702.32000000,17713.32000000,17613.69000000,17622.82000000,120.00,72.05214286,22.795073,0.00408857,3,0,0,0,-0.00449371,-0.00131108,0.00351754,1.38274860,-1.10336757,-0.81672186,-0.04601689,-1.07926500,-0.00484388,-0.02872427,0.22795074,0.01665461,-0.94490808,-0.32733569,0.00000000,0.00000000,0.00000000,1.00000000,0.00000000,0.00000000,0.00000000,0.00000000,0.800000,0.100000,0.100000,LONG,6.000000,12.000000,72.000000,6.000000,12.000000,72.000000,LONG,0,0.000000,0.000000,0.000000,0.000000,72,1,,0.371667,6,0.011333,0.04601689,1.22741791,adaptive_quantile,0,0,0.2.0,1.0,0.1.2,0.1.0q,0.1.0,0.1.0,0.1.0,0.1,,,,0,0,0,1,0,triple_sigma_pack_long_step16,,0,0,0,INIT,2.0
2025.04.04 21:10,US100,PERIOD_M5,Bid,17622.94000000,17629.57000000,17577.19000000,17581.07000000,120.00,70.12428571,20.988806,0.00398862,3,0,1,1,-0.00237190,-0.00611683,0.00483961,0.74695951,-0.59708273,-0.85185188,-0.58144838,-1.63747203,-0.06120509,-0.09804418,0.20988806,0.01711247,-0.94592369,-0.32438916,0.00000000,0.00000000,0.00000000,1.00000000,0.00000000,0.00000000,0.00000000,1.00000000,0.800000,0.100000,0.100000,LONG,6.000000,12.000000,72.000000,6.000000,12.000000,72.000000,LONG,1,6.000000,12.000000,6.000000,12.000000,72,1,,0.371667,6,0.011333,0.58144837,1.22741791,adaptive_quantile,1,0,0.2.0,1.0,0.1.2,0.1.0q,0.1.0,0.1.0,0.1.0,0.1,,,,0,0,0,1,0,triple_sigma_pack_long_step16,triple_sigma_pack_long_step16,0,0,0,INIT,2.0
2025.04.04 21:15,US100,PERIOD_M5,Bid,17580.44000000,17582.44000000,17522.07000000,17530.32000000,120.00,70.03500000,22.008457,0.00399508,3,0,1,1,-0.00289080,-0.00975641,0.00218432,0.86199754,-0.71564215,-0.72668546,-1.18236756,-2.27148366,-0.12445974,-0.17511226,0.22008458,0.01713429,-0.94693011,-0.32143947,0.00000000,0.00000000,0.00000000,1.00000000,0.00000000,0.00000000,0.00000000,1.00000000,0.800000,0.100000,0.100000,LONG,6.000000,12.000000,72.000000,6.000000,12.000000,72.000000,LONG,1,6.000000,12.000000,6.000000,12.000000,72,1,,0.371667,6,0.011333,1.18236758,1.22741791,adaptive_quantile,1,1,0.2.0,1.0,0.1.2,0.1.0q,0.1.0,0.1.0,0.1.0,0.1,,,,0,0,1,1,0,triple_sigma_pack_long_step16,triple_sigma_pack_long_step16,0,0,0,INIT,2.0
2025.04.04 21:20,US100,PERIOD_M5,Bid,17531.44000000,17545.82000000,17498.44000000,17500.82000000,120.00,67.59785714,24.021334,0.00386255,3,0,0,0,-0.00168422,-0.00694692,-0.00181256,0.70090979,-0.45297295,-0.89953566,-1.50317192,-2.68037987,-0.15822862,-0.21699403,0.24021333,0.01775204,-0.94792736,-0.31848666,0.00000000,0.00000000,0.00000000,1.00000000,0.00000000,0.00000000,0.00000000,0.00000000,0.800000,0.100000,0.100000,LONG,6.000000,12.000000,72.000000,6.000000,12.000000,72.000000,LONG,0,6.000000,12.000000,6.000000,12.000000,72,1,,0.371667,6,0.011333,1.50317188,1.22741791,adaptive_quantile,1,2,0.2.0,1.0,0.1.2,0.1.0q,0.1.0,0.1.0,0.1.0,0.1,,,,0,0,1,1,0,triple_sigma_pack_long_step16,triple_sigma_pack_long_step16,0,0,0,INIT,2.0
2025.04.04 21:25,US100,PERIOD_M5,Bid,17501.07000000,17510.57000000,17470.19000000,17483.69000000,120.00,66.40214286,27.117052,0.00379795,3,0,0,0,-0.00097929,-0.00555431,-0.00318361,0.60811293,-0.26173854,-0.33135214,-1.61790729,-2.86949706,-0.17030603,-0.24108979,0.27117053,0.01807171,-0.94891536,-0.31553075,0.00000000,0.00000000,0.00000000,1.00000000,0.00000000,0.00000000,0.00000000,0.00000000,0.800000,0.100000,0.100000,LONG,6.000000,12.000000,72.000000,6.000000,12.000000,72.000000,LONG,0,6.000000,12.000000,6.000000,12.000000,72,1,,0.371667,6,0.011333,1.61790731,1.35303419,adaptive_quantile,1,3,0.2.0,1.0,0.1.2,0.1.0q,0.1.0,0.1.0,0.1.0,0.1,,,,0,0,1,1,0,triple_sigma_pack_long_step16,triple_sigma_pack_long_step16,0,0,0,INIT,2.0
2025.04.04 21:30,US100,PERIOD_M5,Bid,17484.94000000,17505.57000000,17447.94000000,17469.19000000,120.00,66.59857143,30.454616,0.00381234,5,0,0,0,-0.00082969,-0.00349320,-0.00450521,0.86533386,-0.23649156,-0.26253688,-1.65649033,-2.95802045,-0.17436741,-0.26179817,0.30454615,0.01801840,-0.94989413,-0.31257176,0.00000000,0.00000000,0.00000000,0.00000000,0.00000000,1.00000000,0.00000000,0.00000000,0.800000,0.100000,0.100000,LONG,6.000000,12.000000,72.000000,6.000000,12.000000,72.000000,LONG,0,6.000000,12.000000,6.000000,12.000000,72,1,,0.371667,6,0.011333,1.65649037,1.37141160,adaptive_quantile,1,4,0.2.0,1.0,0.1.2,0.1.0q,0.1.0,0.1.0,0.1.0,0.1,,,,0,0,1,1,0,triple_sigma_pack_long_step16,triple_sigma_pack_long_step16,0,0,0,INIT,2.0
2025.04.04 21:35,US100,PERIOD_M5,Bid,17468.57000000,17488.94000000,17413.44000000,17432.94000000,120.00,68.84857143,34.066534,0.00394934,5,0,0,0,-0.00207724,-0.00388622,-0.01050680,1.09660959,-0.51751256,-0.48344371,-1.92612350,-3.25501132,-0.20274985,-0.31231865,0.34066534,0.01742955,-0.95086372,-0.30960977,0.00000000,0.00000000,0.00000000,0.00000000,0.00000000,1.00000000,0.00000000,0.00000000,0.800000,0.100000,0.100000,LONG,6.000000,12.000000,72.000000,6.000000,12.000000,72.000000,LONG,0,6.000000,12.000000,6.000000,12.000000,72,1,,0.371667,6,0.011333,1.92612355,1.39346173,adaptive_quantile,1,5,0.2.0,1.0,0.1.2,0.1.0q,0.1.0,0.1.0,0.1.0,0.1,,,,0,0,1,1,0,triple_sigma_pack_long_step16,triple_sigma_pack_long_step16,0,0,0,INIT,2.0
2025.04.04 21:40,US100,PERIOD_M5,Bid,17433.44000000,17447.19000000,17376.32000000,17386.69000000,120.00,67.35714286,37.931462,0.00387406,5,0,0,0,-0.00265655,-0.00556348,-0.01248877,1.05215275,-0.69406152,-0.70735151,-2.40251422,-3.85632181,-0.25289622,-0.37142545,0.37931463,0.01781548,-0.95182407,-0.30664474,0.00000000,0.00000000,0.00000000,0.00000000,0.00000000,1.00000000,0.00000000,0.00000000,0.800000,0.100000,0.100000,LONG,6.000000,12.000000,72.000000,6.000000,12.000000,72.000000,LONG,0,6.000000,12.000000,6.000000,12.000000,72,1,,0.371667,6,0.011333,2.40251413,1.40409578,adaptive_quantile,1,6,0.2.0,1.0,0.1.2,0.1.0q,0.1.0,0.1.0,0.1.0,0.1,,,,0,0,1,1,0,triple_sigma_pack_long_step16,triple_sigma_pack_long_step16,0,0,0,INIT,2.0
2025.04.04 21:45,US100,PERIOD_M5,Bid,17386.07000000,17477.19000000,17373.19000000,17466.32000000,120.00,67.97285714,39.624847,0.00389165,5,0,1,1,0.00456948,-0.00016430,-0.01181678,1.53002250,1.18061829,0.79096156,-1.09408748,-2.54597592,-0.11516710,-0.18290824,0.39624846,0.01765411,-0.95277512,-0.30367675,0.00000000,0.00000000,0.00000000,0.00000000,0.00000000,1.00000000,0.00000000,1.00000000,0.800000,0.100000,0.100000,LONG,6.000000,12.000000,72.000000,6.000000,12.000000,72.000000,LONG,1,6.000000,12.000000,6.000000,12.000000,72,1,,0.371667,6,0.011333,1.09408746,1.42774356,adaptive_quantile,1,7,0.2.0,1.0,0.1.2,0.1.0q,0.1.0,0.1.0,0.1.0,0.1,,,,0,0,1,1,0,triple_sigma_pack_long_step16,triple_sigma_pack_long_step16,0,0,0,INIT,2.0
2025.04.04 21:50,US100,PERIOD_M5,Bid,17466.82000000,17501.07000000,17433.57000000,17484.82000000,120.00,69.10714286,39.137964,0.00395241,5,0,1,1,0.00105862,0.00297156,-0.00917265,0.97674417,0.26046512,0.51851851,-0.73143619,-2.14878201,-0.07699328,-0.14357819,0.39137962,0.01736434,-0.95371693,-0.30070579,0.00000000,0.00000000,0.00000000,0.00000000,0.00000000,1.00000000,0.00000000,1.00000000,0.800000,0.100000,0.100000,LONG,6.000000,12.000000,72.000000,6.000000,12.000000,72.000000,LONG,1,6.000000,12.000000,6.000000,12.000000,72,1,,0.371667,6,0.011333,0.73143619,1.42774356,adaptive_quantile,1,8,0.2.0,1.0,0.1.2,0.1.0q,0.1.0,0.1.0,0.1.0,0.1,,,,0,0,1,1,0,triple_sigma_pack_long_step16,triple_sigma_pack_long_step16,0,0,0,INIT,2.0
2025.04.04 21:55,US100,PERIOD_M5,Bid,17484.19000000,17496.32000000,17427.82000000,17447.19000000,120.00,67.37500000,38.937539,0.00386165,5,0,1,1,-0.00215447,0.00347363,-0.01376098,1.01669765,-0.54916513,-0.43445256,-1.18411303,-2.65420580,-0.12464347,-0.20171840,0.38937539,0.01781076,-0.95464951,-0.29773194,0.00000000,0.00000000,0.00000000,0.00000000,0.00000000,1.00000000,0.00000000,1.00000000,0.800000,0.100000,0.100000,LONG,6.000000,12.000000,72.000000,6.000000,12.000000,72.000000,LONG,1,6.000000,12.000000,6.000000,12.000000,72,1,,0.371667,6,0.011333,1.18411297,1.42774356,adaptive_quantile,1,9,0.2.0,1.0,0.1.2,0.1.0q,0.1.0,0.1.0,0.1.0,0.1,,,,0,0,1,1,0,triple_sigma_pack_long_step16,triple_sigma_pack_long_step16,0,0,0,INIT,2.0
2025.04.04 22:00,US100,PERIOD_M5,Bid,17447.82000000,17479.32000000,17399.94000000,17435.19000000,120.00,68.71500000,39.689648,0.00394117,5,0,1,1,-0.00068803,-0.00178388,-0.01519778,1.15520632,-0.18380266,-0.11186697,-1.20845079,-2.66817570,-0.12720534,-0.21990569,0.39689648,0.01746344,-0.95557278,-0.29475516,0.00000000,0.00000000,0.00000000,0.00000000,0.00000000,1.00000000,0.00000000,1.00000000,0.800000,0.100000,0.100000,LONG,6.000000,12.000000,72.000000,6.000000,12.000000,72.000000,LONG,1,6.000000,12.000000,6.000000,12.000000,72,1,,0.371667,6,0.011333,1.20845079,1.42774356,adaptive_quantile,1,10,0.2.0,1.0,0.1.2,0.1.0q,0.1.0,0.1.0,0.1.0,0.1,,,,0,0,1,1,0,triple_sigma_pack_long_step16,triple_sigma_pack_long_step16,0,0,0,INIT,2.0
2025.04.04 22:05,US100,PERIOD_M5,Bid,17436.07000000,17460.82000000,17395.19000000,17454.69000000,120.00,66.89428571,40.532052,0.00383245,5,0,1,1,0.00111780,-0.00172470,-0.00958627,0.98110026,0.27834964,0.81319517,-0.85937673,-2.35324216,-0.09046071,-0.17313252,0.40532053,0.01793875,-0.95648682,-0.29177555,0.00000000,0.00000000,0.00000000,0.00000000,0.00000000,1.00000000,0.00000000,1.00000000,0.800000,0.100000,0.100000,LONG,6.000000,12.000000,72.000000,6.000000,12.000000,72.000000,LONG,1,6.000000,12.000000,6.000000,12.000000,72,1,,0.371667,6,0.011333,0.85937671,1.42774356,adaptive_quantile,1,11,0.2.0,1.0,0.1.2,0.1.0q,0.1.0,0.1.0,0.1.0,0.1,,,,0,0,1,1,0,triple_sigma_pack_long_step16,triple_sigma_pack_long_step16,0,0,0,INIT,2.0
2025.04.04 22:10,US100,PERIOD_M5,Bid,17453.44000000,17565.82000000,17439.69000000,17546.32000000,120.00,72.52000000,36.297919,0.00413306,5,0,0,0,0.00523586,0.00566564,-0.00197851,1.73924434,1.28075016,0.69079518,0.42596430,-0.87160116,0.04483835,0.01749773,0.36297920,0.01654716,-0.95739156,-0.28879309,0.00000000,0.00000000,0.00000000,0.00000000,0.00000000,1.00000000,0.00000000,0.00000000,0.800000,0.100000,0.100000,LONG,6.000000,12.000000,72.000000,6.000000,12.000000,72.000000,LONG,0,6.000000,12.000000,6.000000,12.000000,72,1,,0.371667,6,0.011333,0.42596431,1.42774356,adaptive_quantile,1,12,0.2.0,1.0,0.1.2,0.1.0q,0.1.0,0.1.0,0.1.0,0.1,,,,0,0,1,1,0,triple_sigma_pack_long_step16,triple_sigma_pack_long_step16,0,0,0,INIT,2.0
2025.04.04 22:15,US100,PERIOD_M5,Bid,17546.19000000,17553.69000000,17447.82000000,17468.57000000,120.00,72.96571429,32.628338,0.00417697,5,0,1,1,-0.00444097,0.00191269,-0.00352869,1.45095539,-1.06378734,-0.60800982,-0.58104414,-1.85608721,-0.06116254,-0.11405475,0.32628337,0.01644608,-0.95828694,-0.28580785,0.00000000,0.00000000,0.00000000,0.00000000,0.00000000,1.00000000,0.00000000,1.00000000,0.800000,0.100000,0.100000,LONG,6.000000,12.000000,72.000000,6.000000,12.000000,72.000000,LONG,1,6.000000,12.000000,6.000000,12.000000,72,1,,0.371667,6,0.011333,0.58104413,1.42774356,adaptive_quantile,1,13,0.2.0,1.0,0.1.2,0.1.0q,0.1.0,0.1.0,0.1.0,0.1,,,,0,0,1,1,0,triple_sigma_pack_long_step16,triple_sigma_pack_long_step16,0,0,0,INIT,2.0
2025.04.04 22:20,US100,PERIOD_M5,Bid,17467.69000000,17590.69000000,17465.82000000,17584.69000000,120.00,78.14357143,28.671381,0.00444384,3,0,0,0,0.00662537,0.00742026,0.00478090,1.59795618,1.49724412,0.90390003,0.85358775,-0.23742770,0.08985134,0.07773033,0.28671381,0.01535635,-0.95917308,-0.28281981,0.00000000,0.00000000,0.00000000,1.00000000,0.00000000,0.00000000,0.00000000,0.00000000,0.800000,0.100000,0.100000,LONG,6.000000,12.000000,72.000000,6.000000,12.000000,72.000000,LONG,0,6.000000,12.000000,6.000000,12.000000,72,1,,0.371667,6,0.011333,0.85358775,1.42774356,adaptive_quantile,1,14,0.2.0,1.0,0.1.2,0.1.0q,0.1.0,0.1.0,0.1.0,0.1,,,,0,0,1,1,0,triple_sigma_pack_long_step16,triple_sigma_pack_long_step16,0,0,0,INIT,2.0
2025.04.04 22:25,US100,PERIOD_M5,Bid,17584.69000000,17607.32000000,17533.82000000,17570.44000000,120.00,79.08142857,26.364529,0.00450082,3,0,0,0,-0.00081069,0.00137370,0.00494950,0.92942178,-0.18019402,-0.00353742,0.60010207,-0.39853907,0.06316864,0.05375630,0.26364529,0.01517423,-0.96004987,-0.27982903,0.00000000,0.00000000,0.00000000,1.00000000,0.00000000,0.00000000,0.00000000,0.00000000,0.800000,0.100000,0.100000,LONG,6.000000,12.000000,72.000000,6.000000,12.000000,72.000000,LONG,0,6.000000,12.000000,6.000000,12.000000,72,1,,0.371667,6,0.011333,0.60010207,1.42774356,adaptive_quantile,1,15,0.2.0,1.0,0.1.2,0.1.0q,0.1.0,0.1.0,0.1.0,0.1,,,,0,0,1,1,0,triple_sigma_pack_long_step16,triple_sigma_pack_long_step16,0,0,0,INIT,2.0
2025.04.04 22:30,US100,PERIOD_M5,Bid,17567.44000000,17669.57000000,17546.44000000,17667.94000000,120.00,84.49214286,26.525191,0.00478223,3,0,0,0,0.00553375,0.01134843,0.01131294,1.45729530,1.18945968,0.97352391,1.55223322,0.75031114,0.16339296,0.18701297,0.26525190,0.01420250,-0.96091729,-0.27683550,0.00000000,0.00000000,0.00000000,1.00000000,0.00000000,0.00000000,0.00000000,0.00000000,0.800000,0.100000,0.100000,LONG,6.000000,12.000000,72.000000,6.000000,12.000000,72.000000,LONG,0,6.000000,12.000000,6.000000,12.000000,72,1,,0.371667,6,0.011333,1.55223317,1.42774356,adaptive_quantile,1,16,0.2.0,1.0,0.1.2,0.1.0q,0.1.0,0.1.0,0.1.0,0.1,,,,0,0,1,1,0,triple_sigma_pack_long_step16,triple_sigma_pack_long_step16,0,0,0,INIT,2.0
2025.04.04 22:35,US100,PERIOD_M5,Bid,17666.94000000,17693.32000000,17588.69000000,17630.57000000,120.00,89.08142857,27.499783,0.00505267,3,0,0,0,-0.00211737,0.00260569,0.01127281,1.17454338,-0.40827814,-0.19946478,0.95249861,0.28069589,0.10026301,0.12180417,0.27499783,0.01347082,-0.96177548,-0.27383932,0.00000000,0.00000000,0.00000000,1.00000000,0.00000000,0.00000000,0.00000000,0.00000000,0.800000,0.100000,0.100000,LONG,6.000000,12.000000,72.000000,6.000000,12.000000,72.000000,LONG,0,6.000000,12.000000,6.000000,12.000000,72,1,,0.371667,6,0.011333,0.95249859,1.50317188,adaptive_quantile,1,17,0.2.0,1.0,0.1.2,0.1.0q,0.1.0,0.1.0,0.1.0,0.1,,,,0,0,1,1,0,triple_sigma_pack_long_step16,triple_sigma_pack_long_step16,0,0,0,INIT,2.0
2025.04.04 22:40,US100,PERIOD_M5,Bid,17629.69000000,17646.44000000,17582.44000000,17626.69000000,120.00,89.53642857,27.609749,0.00507959,3,0,0,0,-0.00022010,0.00319629,0.01370926,0.71479285,-0.03350592,0.38281250,0.81819785,0.22668278,0.08612609,0.11495557,0.27609748,0.01340237,-0.96262425,-0.27084047,0.00000000,0.00000000,0.00000000,1.00000000,0.00000000,0.00000000,0.00000000,0.00000000,0.800000,0.100000,0.100000,LONG,6.000000,12.000000,72.000000,6.000000,12.000000,72.000000,LONG,0,6.000000,12.000000,6.000000,12.000000,72,1,,0.371667,6,0.011333,0.81819784,1.50317188,adaptive_quantile,1,18,0.2.0,1.0,0.1.2,0.1.0q,0.1.0,0.1.0,0.1.0,0.1,,,,0,0,1,1,0,triple_sigma_pack_long_step16,triple_sigma_pack_long_step16,0,0,0,INIT,2.0
2025.04.04 22:45,US100,PERIOD_M5,Bid,17626.07000000,17657.19000000,17514.44000000,17525.69000000,120.00,94.34000000,24.486158,0.00538295,3,0,1,1,-0.00574643,-0.00808389,0.00339335,1.51314390,-1.06402373,-0.84238178,-0.26605302,-0.82190782,-0.02800558,-0.04797648,0.24486157,0.01271995,-0.96346366,-0.26783898,0.00000000,0.00000000,0.00000000,1.00000000,0.00000000,0.00000000,0.00000000,1.00000000,0.800000,0.100000,0.100000,LONG,6.000000,12.000000,72.000000,6.000000,12.000000,72.000000,LONG,1,6.000000,12.000000,6.000000,12.000000,72,1,,0.371667,6,0.011333,0.26605301,1.42774356,adaptive_quantile,1,19,0.2.0,1.0,0.1.2,0.1.0q,0.1.0,0.1.0,0.1.0,0.1,,,,0,0,1,1,0,triple_sigma_pack_long_step16,triple_sigma_pack_long_step16,0,0,0,INIT,2.0
2025.04.04 22:50,US100,PERIOD_M5,Bid,17527.44000000,17527.44000000,17404.44000000,17432.07000000,120.00,98.06357143,24.685589,0.00562547,3,0,1,1,-0.00535619,-0.01132271,-0.00302146,1.25428843,-0.97253239,-0.55073172,-1.09533870,-1.67693949,-0.11529882,-0.16917333,0.24685588,0.01223696,-0.96429378,-0.26483491,0.00000000,0.00000000,0.00000000,1.00000000,0.00000000,0.00000000,0.00000000,1.00000000,0.800000,0.100000,0.100000,LONG,6.000000,12.000000,72.000000,6.000000,12.000000,72.000000,LONG,1,6.000000,12.000000,6.000000,12.000000,72,1,,0.371667,6,0.011333,1.09533873,1.40409578,adaptive_quantile,1,20,0.2.0,1.0,0.1.2,0.1.0q,0.1.0,0.1.0,0.1.0,0.1,,,,0,0,1,1,0,triple_sigma_pack_long_step16,triple_sigma_pack_long_step16,0,0,0,INIT,2.0
2025.04.04 22:55,US100,PERIOD_M5,Bid,17431.32000000,17431.32000000,17352.07000000,17359.07000000,120.00,96.34928571,26.797630,0.00555037,3,0,0,0,-0.00419648,-0.01529909,-0.00506347,0.82252812,-0.74987584,-0.82334387,-1.69415534,-2.36779165,-0.17833214,-0.24941207,0.26797628,0.01245468,-0.96511447,-0.26182824,0.00000000,0.00000000,0.00000000,1.00000000,0.00000000,0.00000000,0.00000000,0.00000000,0.800000,0.100000,0.100000,LONG,6.000000,12.000000,72.000000,6.000000,12.000000,72.000000,LONG,0,6.000000,12.000000,6.000000,12.000000,72,1,,0.371667,6,0.011333,1.69415530,1.40409578,adaptive_quantile,1,21,0.2.0,1.0,0.1.2,0.1.0q,0.1.0,0.1.0,0.1.0,0.1,,,,0,0,1,1,0,triple_sigma_pack_long_step16,triple_sigma_pack_long_step16,0,0,0,INIT,2.0
2025.04.04 23:00,US100,PERIOD_M5,Bid,17360.57000000,17392.44000000,17266.59000000,17296.47000000,140.00,100.51714286,30.138241,0.00581143,5,0,0,0,-0.00361270,-0.01316537,-0.00798814,1.25202525,-0.63770217,-0.52514899,-2.03271770,-2.77896547,-0.21397027,-0.31087431,0.30138242,0.01392797,-0.96592581,-0.25881904,0.00000000,0.00000000,0.00000000,0.00000000,0.00000000,1.00000000,0.00000000,0.00000000,0.800000,0.100000,0.100000,LONG,6.000000,12.000000,72.000000,6.000000,12.000000,72.000000,LONG,0,6.000000,12.000000,6.000000,12.000000,72,1,,0.371667,6,0.011333,2.03271767,1.40409578,adaptive_quantile,1,22,0.2.0,1.0,0.1.2,0.1.0q,0.1.0,0.1.0,0.1.0,0.1,,,,0,0,1,1,0,triple_sigma_pack_long_step16,triple_sigma_pack_long_step16,0,0,0,INIT,2.0
2025.04.04 23:05,US100,PERIOD_M5,Bid,17296.09000000,17368.97000000,17295.84000000,17344.97000000,140.00,100.84785714,33.033437,0.00581424,5,0,1,1,0.00280012,-0.00500906,-0.00630583,0.72515178,0.48469052,0.34363464,-1.39797401,-2.19916797,-0.14715517,-0.22704077,0.33033437,0.01388230,-0.96672779,-0.25580734,0.00000000,0.00000000,0.00000000,0.00000000,0.00000000,1.00000000,0.00000000,1.00000000,0.800000,0.100000,0.100000,LONG,6.000000,12.000000,72.000000,6.000000,12.000000,72.000000,LONG,1,6.000000,12.000000,6.000000,12.000000,72,1,,0.371667,6,0.011333,1.39797407,1.40409578,adaptive_quantile,1,23,0.2.0,1.0,0.1.2,0.1.0q,0.1.0,0.1.0,0.1.0,0.1,,,,0,0,1,1,0,triple_sigma_pack_long_step16,triple_sigma_pack_long_step16,0,0,0,INIT,2.0
2025.04.04 23:10,US100,PERIOD_M5,Bid,17344.72000000,17356.34000000,17293.22000000,17346.34000000,140.00,99.68642857,35.640560,0.00574683,5,0,1,1,0.00007898,-0.00073360,-0.01146271,0.63318551,0.01625096,0.68314320,-1.26713586,-2.12433910,-0.13338272,-0.22465825,0.35640562,0.01404404,-0.96752036,-0.25279313,0.00000000,0.00000000,0.00000000,0.00000000,0.00000000,1.00000000,0.00000000,1.00000000,0.800000,0.100000,0.100000,LONG,6.000000,12.000000,72.000000,6.000000,12.000000,72.000000,LONG,1,6.000000,12.000000,6.000000,12.000000,72,1,,0.371667,6,0.011333,1.26713580,1.39797407,adaptive_quantile,1,24,0.2.0,1.0,0.1.2,0.1.0q,0.1.0,0.1.0,0.1.0,0.1,,,,0,0,1,1,0,triple_sigma_pack_long_step16,triple_sigma_pack_long_step16,0,0,0,INIT,2.0
2025.04.04 23:15,US100,PERIOD_M5,Bid,17345.59000000,17345.72000000,17294.34000000,17303.72000000,140.00,98.71285714,37.900067,0.00570472,5,0,0,0,-0.00246003,0.00041907,-0.00948176,0.52049959,-0.42415953,-0.63487738,-1.54840088,-2.47598743,-0.16298957,-0.27201441,0.37900066,0.01418255,-0.96830350,-0.24977648,0.00000000,0.00000000,0.00000000,0.00000000,0.00000000,1.00000000,0.00000000,0.00000000,0.800000,0.100000,0.100000,LONG,6.000000,12.000000,72.000000,6.000000,12.000000,72.000000,LONG,0,6.000000,12.000000,6.000000,12.000000,72,1,,0.371667,6,0.011333,1.54840090,1.39797407,adaptive_quantile,1,25,0.2.0,1.0,0.1.2,0.1.0q,0.1.0,0.1.0,0.1.0,0.1,,,,0,0,1,1,0,triple_sigma_pack_long_step16,triple_sigma_pack_long_step16,0,0,0,INIT,2.0
2025.04.04 23:20,US100,PERIOD_M5,Bid,17303.59000000,17317.59000000,17232.09000000,17247.72000000,140.00,95.81071429,41.519090,0.00555498,5,0,0,0,-0.00324155,-0.00562259,-0.01934868,0.89238453,-0.58312893,-0.63438594,-1.97218943,-3.01251221,-0.20759889,-0.32992598,0.41519091,0.01461214,-0.96907729,-0.24675740,0.00000000,0.00000000,0.00000000,0.00000000,0.00000000,1.00000000,0.00000000,0.00000000,0.800000,0.100000,0.100000,LONG,6.000000,12.000000,72.000000,6.000000,12.000000,72.000000,LONG,0,6.000000,12.000000,6.000000,12.000000,72,1,,0.371667,6,0.011333,1.97218944,1.40409578,adaptive_quantile,1,26,0.2.0,1.0,0.1.2,0.1.0q,0.1.0,0.1.0,0.1.0,0.1,,,,0,0,1,1,0,triple_sigma_pack_long_step16,triple_sigma_pack_long_step16,0,0,0,INIT,2.0
2025.04.04 23:25,US100,PERIOD_M5,Bid,17247.34000000,17250.47000000,17210.34000000,17241.97000000,140.00,91.11500000,45.513698,0.00528449,5,0,0,0,-0.00033343,-0.00603501,-0.01887142,0.44043243,-0.05893651,0.57637680,-1.93341780,-3.10417151,-0.20351766,-0.33576888,0.45513698,0.01536520,-0.96984166,-0.24373592,0.00000000,0.00000000,0.00000000,0.00000000,0.00000000,1.00000000,0.00000000,0.00000000,0.800000,0.100000,0.100000,LONG,6.000000,12.000000,72.000000,6.000000,12.000000,72.000000,LONG,0,6.000000,12.000000,6.000000,12.000000,72,1,,0.371667,6,0.011333,1.93341784,1.42774356,adaptive_quantile,1,27,0.2.0,1.0,0.1.2,0.1.0q,0.1.0,0.1.0,0.1.0,0.1,,,,0,0,1,1,0,triple_sigma_pack_long_step16,triple_sigma_pack_long_step16,0,0,0,INIT,2.0
2025.04.04 23:30,US100,PERIOD_M5,Bid,17241.97000000,17280.72000000,17235.34000000,17278.59000000,140.00,85.43714286,44.239471,0.00494468,5,0,1,1,0.00212164,-0.00145334,-0.02228354,0.53115070,0.42861921,0.90612602,-1.47773576,-2.76883125,-0.15555114,-0.26039097,0.44239470,0.01638632,-0.97059655,-0.24071208,0.00000000,0.00000000,0.00000000,0.00000000,0.00000000,1.00000000,0.00000000,1.00000000,0.800000,0.100000,0.100000,LONG,6.000000,12.000000,72.000000,6.000000,12.000000,72.000000,LONG,1,6.000000,12.000000,6.000000,12.000000,72,1,,0.371667,6,0.011333,1.47773577,1.50317188,adaptive_quantile,1,28,0.2.0,1.0,0.1.2,0.1.0q,0.1.0,0.1.0,0.1.0,0.1,,,,0,0,1,1,0,triple_sigma_pack_long_step16,triple_sigma_pack_long_step16,0,0,0,INIT,2.0
2025.04.04 23:35,US100,PERIOD_M5,Bid,17278.72000000,17321.72000000,17275.09000000,17306.84000000,140.00,83.51785714,38.789913,0.00482571,5,0,1,1,0.00163364,0.00342184,-0.01853253,0.55832374,0.33669445,0.36178425,-1.06168735,-2.39639735,-0.11175656,-0.20394857,0.38789913,0.01676288,-0.97134209,-0.23768589,0.00000000,0.00000000,0.00000000,0.00000000,0.00000000,1.00000000,0.00000000,1.00000000,0.800000,0.100000,0.100000,LONG,6.000000,12.000000,72.000000,6.000000,12.000000,72.000000,LONG,1,6.000000,12.000000,6.000000,12.000000,72,1,,0.371667,6,0.011333,1.06168736,1.50317188,adaptive_quantile,1,29,0.2.0,1.0,0.1.2,0.1.0q,0.1.0,0.1.0,0.1.0,0.1,,,,0,0,1,1,0,triple_sigma_pack_long_step16,triple_sigma_pack_long_step16,0,0,0,INIT,2.0
2025.04.04 23:40,US100,PERIOD_M5,Bid,17306.84000000,17339.09000000,17294.84000000,17338.47000000,140.00,77.88357143,34.683660,0.00449195,5,0,1,1,0.00182593,0.00558120,-0.01648650,0.56815577,0.40611902,0.97197741,-0.66262352,-2.07879090,-0.06974985,-0.14226998,0.34683660,0.01797555,-0.97207814,-0.23465741,0.00000000,0.00000000,0.00000000,0.00000000,0.00000000,1.00000000,0.00000000,1.00000000,0.800000,0.100000,0.100000,LONG,6.000000,12.000000,72.000000,6.000000,12.000000,72.000000,LONG,1,6.000000,12.000000,6.000000,12.000000,72,1,,0.371667,6,0.011333,0.66262352,1.50317188,adaptive_quantile,1,30,0.2.0,1.0,0.1.2,0.1.0q,0.1.0,0.1.0,0.1.0,0.1,,,,0,0,1,1,0,triple_sigma_pack_long_step16,triple_sigma_pack_long_step16,0,0,0,INIT,2.0
2025.04.04 23:45,US100,PERIOD_M5,Bid,17338.22000000,17352.09000000,17316.09000000,17320.59000000,140.00,72.98142857,32.406543,0.00421356,5,0,1,1,-0.00103176,0.00242780,-0.01177184,0.49327618,-0.24156831,-0.75000000,-0.86144698,-2.36681199,-0.09067862,-0.16821133,0.32406542,0.01918296,-0.97280478,-0.23162663,0.00000000,0.00000000,0.00000000,0.00000000,0.00000000,1.00000000,0.00000000,1.00000000,0.800000,0.100000,0.100000,LONG,6.000000,12.000000,72.000000,6.000000,12.000000,72.000000,LONG,1,6.000000,12.000000,6.000000,12.000000,72,1,,0.371667,6,0.011333,0.86144697,1.50317188,adaptive_quantile,1,31,0.2.0,1.0,0.1.2,0.1.0q,0.1.0,0.1.0,0.1.0,0.1,,,,0,0,1,1,0,triple_sigma_pack_long_step16,triple_sigma_pack_long_step16,0,0,0,INIT,2.0
2025.04.04 23:50,US100,PERIOD_M5,Bid,17320.34000000,17329.72000000,17313.34000000,17321.47000000,140.00,69.58000000,29.600867,0.00401698,3,0,1,1,0.00005081,0.00084497,-0.00636484,0.23541248,0.01624030,-0.00732601,-0.80606288,-2.37300920,-0.08484872,-0.16634165,0.29600868,0.02012073,-0.97352195,-0.22859360,0.00000000,0.00000000,0.00000000,1.00000000,0.00000000,0.00000000,0.00000000,1.00000000,0.800000,0.100000,0.100000,LONG,6.000000,12.000000,72.000000,6.000000,12.000000,72.000000,LONG,1,6.000000,12.000000,6.000000,12.000000,72,1,,0.371667,6,0.011333,0.80606289,1.50317188,adaptive_quantile,1,32,0.2.0,1.0,0.1.2,0.1.0q,0.1.0,0.1.0,0.1.0,0.1,,,,0,0,1,1,0,triple_sigma_pack_long_step16,triple_sigma_pack_long_step16,0,0,0,INIT,2.0
2025.04.04 23:55,US100,PERIOD_M5,Bid,17322.34000000,17329.47000000,17312.84000000,17315.84000000,140.00,60.57142857,27.008216,0.00349804,3,0,1,1,-0.00032508,-0.00130604,-0.00249345,0.27455190,-0.10731132,-0.63920623,-0.92185634,-2.70834184,-0.09703751,-0.17543411,0.27008215,0.02311321,-0.97422963,-0.22555837,0.00000000,0.00000000,0.00000000,1.00000000,0.00000000,0.00000000,0.00000000,1.00000000,0.800000,0.100000,0.100000,LONG,6.000000,12.000000,72.000000,6.000000,12.000000,72.000000,LONG,1,6.000000,12.000000,6.000000,12.000000,72,0,TIME_BLOCK:rollover decision_bar=2025.04.04 23:55 minutes_since_midnight=1435 block=5,0.371667,6,0.011333,0.92185634,1.50317188,adaptive_quantile,1,33,0.2.0,1.0,0.1.2,0.1.0q,0.1.0,0.1.0,0.1.0,0.1,,,,0,0,1,1,0,triple_sigma_pack_long_step16,triple_sigma_pack_long_step16,0,0,0,INIT,2.0
