trade_counter=14
has_position=1
direction=0
ticket=28
position_id=28
entry_time=1764892201
entry_bar_time=1764892200
entry_price=25592.14000000
sl_price=25517.95000000
tp_price=25740.53000000
lot=0.07000000
bars_held=1
hold_bars_soft=72
k_sl_req=6.00000000
k_tp_req=12.00000000
k_sl_eff=6.00000000
k_tp_eff=12.00000000
regime_id_at_entry=2
spread_atr_at_entry=0.04852126
flip_used_at_entry=0
pack_ver_at_entry=0.1.0
clf_ver_at_entry=0.1.0
prm_ver_at_entry=0.1.0
cost_ver_at_entry=0.1
last_exit_reason=
trade_seq=14
trade_id=TS_00014
pending_exit_reason=
pending_exit_deal=0
pending_exit_price_hint=0.00000000
